TITLE = "B00002"
VARIABLES = "position", "position(2)", "Vx", "Vy"
ZONE T="Frame 0", I=51, J=39
-30.160811 104.718714 0.000000 0.000000
-26.300235 104.718714 0.000000 0.000000
-22.439659 104.718714 0.000000 0.000000
-18.579083 104.718714 0.000000 0.000000
-14.718507 104.718714 0.000000 0.000000
-10.857931 104.718714 0.000000 0.000000
-6.997355 104.718714 0.000000 0.000000
-3.136779 104.718714 0.000000 0.000000
0.723796 104.718714 0.000000 0.000000
4.584372 104.718714 0.000000 0.000000
8.444948 104.718714 0.000000 0.000000
12.305524 104.718714 0.000000 0.000000
16.166100 104.718714 0.000000 0.000000
20.026676 104.718714 0.000000 0.000000
23.887252 104.718714 0.000000 0.000000
27.747828 104.718714 0.000000 0.000000
31.608404 104.718714 0.000000 0.000000
35.468980 104.718714 0.000000 0.000000
39.329556 104.718714 0.000000 0.000000
43.190132 104.718714 0.000000 0.000000
47.050707 104.718714 0.000000 0.000000
50.911283 104.718714 0.000000 0.000000
54.771859 104.718714 0.000000 0.000000
58.632435 104.718714 0.000000 0.000000
62.493011 104.718714 0.000000 0.000000
66.353587 104.718714 0.000000 0.000000
70.214163 104.718714 0.000000 0.000000
74.074739 104.718714 0.000000 0.000000
77.935315 104.718714 0.000000 0.000000
81.795891 104.718714 0.000000 0.000000
85.656467 104.718714 0.000000 0.000000
89.517043 104.718714 0.000000 0.000000
93.377618 104.718714 0.000000 0.000000
97.238194 104.718714 0.000000 0.000000
101.098770 104.718714 0.000000 0.000000
104.959346 104.718714 0.000000 0.000000
108.819922 104.718714 0.000000 0.000000
112.680498 104.718714 0.000000 0.000000
116.541074 104.718714 0.000000 0.000000
120.401650 104.718714 0.000000 0.000000
124.262226 104.718714 0.000000 0.000000
128.122802 104.718714 0.000000 0.000000
131.983378 104.718714 0.000000 0.000000
135.843953 104.718714 0.000000 0.000000
139.704529 104.718714 0.000000 0.000000
143.565105 104.718714 0.000000 0.000000
147.425681 104.718714 0.000000 0.000000
151.286257 104.718714 0.000000 0.000000
155.146833 104.718714 0.000000 0.000000
159.007409 104.718714 0.000000 0.000000
162.867985 104.718714 0.000000 0.000000
-30.160811 100.858138 0.000000 0.000000
-26.300235 100.858138 0.000000 0.000000
-22.439659 100.858138 0.000000 0.000000
-18.579083 100.858138 0.000000 0.000000
-14.718507 100.858138 0.000000 0.000000
-10.857931 100.858138 0.000000 0.000000
-6.997355 100.858138 0.000000 0.000000
-3.136779 100.858138 0.000000 0.000000
0.723796 100.858138 0.000000 0.000000
4.584372 100.858138 0.000000 0.000000
8.444948 100.858138 0.000000 0.000000
12.305524 100.858138 0.000000 0.000000
16.166100 100.858138 0.000000 0.000000
20.026676 100.858138 0.000000 0.000000
23.887252 100.858138 0.000000 0.000000
27.747828 100.858138 0.000000 0.000000
31.608404 100.858138 0.000000 0.000000
35.468980 100.858138 0.000000 0.000000
39.329556 100.858138 0.000000 0.000000
43.190132 100.858138 0.000000 0.000000
47.050707 100.858138 0.000000 0.000000
50.911283 100.858138 0.000000 0.000000
54.771859 100.858138 0.000000 0.000000
58.632435 100.858138 0.000000 0.000000
62.493011 100.858138 0.000000 0.000000
66.353587 100.858138 0.000000 0.000000
70.214163 100.858138 0.000000 0.000000
74.074739 100.858138 0.000000 0.000000
77.935315 100.858138 0.000000 0.000000
81.795891 100.858138 0.000000 0.000000
85.656467 100.858138 0.000000 0.000000
89.517043 100.858138 0.000000 0.000000
93.377618 100.858138 0.000000 0.000000
97.238194 100.858138 0.000000 0.000000
101.098770 100.858138 0.000000 0.000000
104.959346 100.858138 0.000000 0.000000
108.819922 100.858138 0.000000 0.000000
112.680498 100.858138 0.000000 0.000000
116.541074 100.858138 0.000000 0.000000
120.401650 100.858138 0.000000 0.000000
124.262226 100.858138 0.000000 0.000000
128.122802 100.858138 0.000000 0.000000
131.983378 100.858138 0.000000 0.000000
135.843953 100.858138 0.000000 0.000000
139.704529 100.858138 0.000000 0.000000
143.565105 100.858138 0.000000 0.000000
147.425681 100.858138 0.000000 0.000000
151.286257 100.858138 0.000000 0.000000
155.146833 100.858138 0.000000 0.000000
159.007409 100.858138 0.000000 0.000000
162.867985 100.858138 0.000000 0.000000
-30.160811 96.997562 0.000000 0.000000
-26.300235 96.997562 0.000000 0.000000
-22.439659 96.997562 0.000000 0.000000
-18.579083 96.997562 0.000000 0.000000
-14.718507 96.997562 0.000000 0.000000
-10.857931 96.997562 0.000000 0.000000
-6.997355 96.997562 0.000000 0.000000
-3.136779 96.997562 0.000000 0.000000
0.723796 96.997562 0.000000 0.000000
4.584372 96.997562 0.000000 0.000000
8.444948 96.997562 0.000000 0.000000
12.305524 96.997562 0.000000 0.000000
16.166100 96.997562 0.000000 0.000000
20.026676 96.997562 0.000000 0.000000
23.887252 96.997562 0.000000 0.000000
27.747828 96.997562 0.000000 0.000000
31.608404 96.997562 0.000000 0.000000
35.468980 96.997562 0.000000 0.000000
39.329556 96.997562 0.000000 0.000000
43.190132 96.997562 0.000000 0.000000
47.050707 96.997562 0.000000 0.000000
50.911283 96.997562 0.000000 0.000000
54.771859 96.997562 0.000000 0.000000
58.632435 96.997562 0.000000 0.000000
62.493011 96.997562 0.000000 0.000000
66.353587 96.997562 0.000000 0.000000
70.214163 96.997562 0.000000 0.000000
74.074739 96.997562 0.000000 0.000000
77.935315 96.997562 0.000000 0.000000
81.795891 96.997562 0.000000 0.000000
85.656467 96.997562 0.000000 0.000000
89.517043 96.997562 0.000000 0.000000
93.377618 96.997562 0.000000 0.000000
97.238194 96.997562 0.000000 0.000000
101.098770 96.997562 0.000000 0.000000
104.959346 96.997562 0.000000 0.000000
108.819922 96.997562 0.000000 0.000000
112.680498 96.997562 0.000000 0.000000
116.541074 96.997562 0.000000 0.000000
120.401650 96.997562 0.000000 0.000000
124.262226 96.997562 0.000000 0.000000
128.122802 96.997562 0.000000 0.000000
131.983378 96.997562 0.000000 0.000000
135.843953 96.997562 0.000000 0.000000
139.704529 96.997562 0.000000 0.000000
143.565105 96.997562 0.000000 0.000000
147.425681 96.997562 0.000000 0.000000
151.286257 96.997562 0.000000 0.000000
155.146833 96.997562 0.000000 0.000000
159.007409 96.997562 0.000000 0.000000
162.867985 96.997562 0.000000 0.000000
-30.160811 93.136986 0.000000 0.000000
-26.300235 93.136986 0.000000 0.000000
-22.439659 93.136986 0.000000 0.000000
-18.579083 93.136986 0.000000 0.000000
-14.718507 93.136986 0.000000 0.000000
-10.857931 93.136986 0.000000 0.000000
-6.997355 93.136986 0.000000 0.000000
-3.136779 93.136986 0.000000 0.000000
0.723796 93.136986 0.000000 0.000000
4.584372 93.136986 0.000000 0.000000
8.444948 93.136986 0.000000 0.000000
12.305524 93.136986 0.000000 0.000000
16.166100 93.136986 0.000000 0.000000
20.026676 93.136986 0.000000 0.000000
23.887252 93.136986 0.000000 0.000000
27.747828 93.136986 0.000000 0.000000
31.608404 93.136986 0.000000 0.000000
35.468980 93.136986 0.000000 0.000000
39.329556 93.136986 0.000000 0.000000
43.190132 93.136986 0.000000 0.000000
47.050707 93.136986 0.000000 0.000000
50.911283 93.136986 0.000000 0.000000
54.771859 93.136986 0.000000 0.000000
58.632435 93.136986 0.000000 0.000000
62.493011 93.136986 0.000000 0.000000
66.353587 93.136986 0.000000 0.000000
70.214163 93.136986 0.000000 0.000000
74.074739 93.136986 0.000000 0.000000
77.935315 93.136986 0.000000 0.000000
81.795891 93.136986 0.000000 0.000000
85.656467 93.136986 0.000000 0.000000
89.517043 93.136986 0.000000 0.000000
93.377618 93.136986 0.000000 0.000000
97.238194 93.136986 0.000000 0.000000
101.098770 93.136986 0.000000 0.000000
104.959346 93.136986 0.000000 0.000000
108.819922 93.136986 0.000000 0.000000
112.680498 93.136986 0.000000 0.000000
116.541074 93.136986 0.000000 0.000000
120.401650 93.136986 0.000000 0.000000
124.262226 93.136986 0.000000 0.000000
128.122802 93.136986 0.000000 0.000000
131.983378 93.136986 0.000000 0.000000
135.843953 93.136986 0.000000 0.000000
139.704529 93.136986 0.000000 0.000000
143.565105 93.136986 0.000000 0.000000
147.425681 93.136986 0.000000 0.000000
151.286257 93.136986 0.000000 0.000000
155.146833 93.136986 0.000000 0.000000
159.007409 93.136986 0.000000 0.000000
162.867985 93.136986 0.000000 0.000000
-30.160811 89.276410 0.000000 0.000000
-26.300235 89.276410 0.000000 0.000000
-22.439659 89.276410 0.000000 0.000000
-18.579083 89.276410 0.000000 0.000000
-14.718507 89.276410 0.000000 0.000000
-10.857931 89.276410 0.000000 0.000000
-6.997355 89.276410 0.000000 0.000000
-3.136779 89.276410 0.000000 0.000000
0.723796 89.276410 0.000000 0.000000
4.584372 89.276410 0.000000 0.000000
8.444948 89.276410 0.000000 0.000000
12.305524 89.276410 0.000000 0.000000
16.166100 89.276410 0.000000 0.000000
20.026676 89.276410 0.000000 0.000000
23.887252 89.276410 0.000000 0.000000
27.747828 89.276410 0.000000 0.000000
31.608404 89.276410 0.000000 0.000000
35.468980 89.276410 0.000000 0.000000
39.329556 89.276410 0.000000 0.000000
43.190132 89.276410 0.000000 0.000000
47.050707 89.276410 0.000000 0.000000
50.911283 89.276410 0.000000 0.000000
54.771859 89.276410 0.000000 0.000000
58.632435 89.276410 0.000000 0.000000
62.493011 89.276410 0.000000 0.000000
66.353587 89.276410 0.000000 0.000000
70.214163 89.276410 0.000000 0.000000
74.074739 89.276410 0.000000 0.000000
77.935315 89.276410 0.000000 0.000000
81.795891 89.276410 0.000000 0.000000
85.656467 89.276410 0.000000 0.000000
89.517043 89.276410 0.000000 0.000000
93.377618 89.276410 0.000000 0.000000
97.238194 89.276410 0.000000 0.000000
101.098770 89.276410 0.000000 0.000000
104.959346 89.276410 0.000000 0.000000
108.819922 89.276410 0.000000 0.000000
112.680498 89.276410 0.000000 0.000000
116.541074 89.276410 0.000000 0.000000
120.401650 89.276410 0.000000 0.000000
124.262226 89.276410 0.000000 0.000000
128.122802 89.276410 0.000000 0.000000
131.983378 89.276410 0.000000 0.000000
135.843953 89.276410 0.000000 0.000000
139.704529 89.276410 0.000000 0.000000
143.565105 89.276410 0.000000 0.000000
147.425681 89.276410 0.000000 0.000000
151.286257 89.276410 0.000000 0.000000
155.146833 89.276410 0.000000 0.000000
159.007409 89.276410 0.000000 0.000000
162.867985 89.276410 0.000000 0.000000
-30.160811 85.415835 0.000000 0.000000
-26.300235 85.415835 0.000000 0.000000
-22.439659 85.415835 0.000000 0.000000
-18.579083 85.415835 0.000000 0.000000
-14.718507 85.415835 0.000000 0.000000
-10.857931 85.415835 0.000000 0.000000
-6.997355 85.415835 0.000000 0.000000
-3.136779 85.415835 0.000000 0.000000
0.723796 85.415835 0.000000 0.000000
4.584372 85.415835 0.000000 0.000000
8.444948 85.415835 0.000000 0.000000
12.305524 85.415835 0.000000 0.000000
16.166100 85.415835 0.000000 0.000000
20.026676 85.415835 0.000000 0.000000
23.887252 85.415835 0.000000 0.000000
27.747828 85.415835 0.000000 0.000000
31.608404 85.415835 0.000000 0.000000
35.468980 85.415835 0.000000 0.000000
39.329556 85.415835 0.000000 0.000000
43.190132 85.415835 0.000000 0.000000
47.050707 85.415835 0.000000 0.000000
50.911283 85.415835 0.000000 0.000000
54.771859 85.415835 0.000000 0.000000
58.632435 85.415835 0.000000 0.000000
62.493011 85.415835 0.000000 0.000000
66.353587 85.415835 0.000000 0.000000
70.214163 85.415835 0.000000 0.000000
74.074739 85.415835 0.000000 0.000000
77.935315 85.415835 0.000000 0.000000
81.795891 85.415835 0.000000 0.000000
85.656467 85.415835 0.000000 0.000000
89.517043 85.415835 0.000000 0.000000
93.377618 85.415835 0.000000 0.000000
97.238194 85.415835 0.000000 0.000000
101.098770 85.415835 0.000000 0.000000
104.959346 85.415835 0.000000 0.000000
108.819922 85.415835 0.000000 0.000000
112.680498 85.415835 0.000000 0.000000
116.541074 85.415835 0.000000 0.000000
120.401650 85.415835 0.000000 0.000000
124.262226 85.415835 0.000000 0.000000
128.122802 85.415835 0.000000 0.000000
131.983378 85.415835 0.000000 0.000000
135.843953 85.415835 0.000000 0.000000
139.704529 85.415835 0.000000 0.000000
143.565105 85.415835 0.000000 0.000000
147.425681 85.415835 0.000000 0.000000
151.286257 85.415835 0.000000 0.000000
155.146833 85.415835 0.000000 0.000000
159.007409 85.415835 0.000000 0.000000
162.867985 85.415835 0.000000 0.000000
-30.160811 81.555259 0.000000 0.000000
-26.300235 81.555259 0.000000 0.000000
-22.439659 81.555259 0.000000 0.000000
-18.579083 81.555259 0.000000 0.000000
-14.718507 81.555259 0.000000 0.000000
-10.857931 81.555259 0.000000 0.000000
-6.997355 81.555259 0.000000 0.000000
-3.136779 81.555259 0.000000 0.000000
0.723796 81.555259 0.000000 0.000000
4.584372 81.555259 0.000000 0.000000
8.444948 81.555259 0.000000 0.000000
12.305524 81.555259 0.000000 0.000000
16.166100 81.555259 0.000000 0.000000
20.026676 81.555259 0.000000 0.000000
23.887252 81.555259 0.000000 0.000000
27.747828 81.555259 0.000000 0.000000
31.608404 81.555259 0.000000 0.000000
35.468980 81.555259 0.000000 0.000000
39.329556 81.555259 0.000000 0.000000
43.190132 81.555259 0.000000 0.000000
47.050707 81.555259 0.000000 0.000000
50.911283 81.555259 0.000000 0.000000
54.771859 81.555259 0.000000 0.000000
58.632435 81.555259 0.000000 0.000000
62.493011 81.555259 0.000000 0.000000
66.353587 81.555259 0.000000 0.000000
70.214163 81.555259 0.000000 0.000000
74.074739 81.555259 0.000000 0.000000
77.935315 81.555259 0.000000 0.000000
81.795891 81.555259 0.000000 0.000000
85.656467 81.555259 0.000000 0.000000
89.517043 81.555259 0.000000 0.000000
93.377618 81.555259 0.000000 0.000000
97.238194 81.555259 0.000000 0.000000
101.098770 81.555259 0.000000 0.000000
104.959346 81.555259 0.000000 0.000000
108.819922 81.555259 0.000000 0.000000
112.680498 81.555259 0.000000 0.000000
116.541074 81.555259 0.000000 0.000000
120.401650 81.555259 0.000000 0.000000
124.262226 81.555259 0.000000 0.000000
128.122802 81.555259 0.000000 0.000000
131.983378 81.555259 0.000000 0.000000
135.843953 81.555259 0.000000 0.000000
139.704529 81.555259 0.000000 0.000000
143.565105 81.555259 0.000000 0.000000
147.425681 81.555259 0.000000 0.000000
151.286257 81.555259 0.000000 0.000000
155.146833 81.555259 0.000000 0.000000
159.007409 81.555259 0.000000 0.000000
162.867985 81.555259 0.000000 0.000000
-30.160811 77.694683 0.000000 0.000000
-26.300235 77.694683 0.000000 0.000000
-22.439659 77.694683 0.000000 0.000000
-18.579083 77.694683 0.000000 0.000000
-14.718507 77.694683 0.000000 0.000000
-10.857931 77.694683 0.000000 0.000000
-6.997355 77.694683 0.000000 0.000000
-3.136779 77.694683 0.000000 0.000000
0.723796 77.694683 0.000000 0.000000
4.584372 77.694683 0.000000 0.000000
8.444948 77.694683 0.000000 0.000000
12.305524 77.694683 0.000000 0.000000
16.166100 77.694683 0.000000 0.000000
20.026676 77.694683 0.000000 0.000000
23.887252 77.694683 0.000000 0.000000
27.747828 77.694683 0.000000 0.000000
31.608404 77.694683 0.000000 0.000000
35.468980 77.694683 0.000000 0.000000
39.329556 77.694683 0.000000 0.000000
43.190132 77.694683 0.000000 0.000000
47.050707 77.694683 0.000000 0.000000
50.911283 77.694683 0.000000 0.000000
54.771859 77.694683 0.000000 0.000000
58.632435 77.694683 0.000000 0.000000
62.493011 77.694683 0.000000 0.000000
66.353587 77.694683 0.000000 0.000000
70.214163 77.694683 0.000000 0.000000
74.074739 77.694683 0.000000 0.000000
77.935315 77.694683 0.000000 0.000000
81.795891 77.694683 0.000000 0.000000
85.656467 77.694683 0.000000 0.000000
89.517043 77.694683 0.000000 0.000000
93.377618 77.694683 0.000000 0.000000
97.238194 77.694683 0.000000 0.000000
101.098770 77.694683 0.000000 0.000000
104.959346 77.694683 0.000000 0.000000
108.819922 77.694683 0.000000 0.000000
112.680498 77.694683 0.000000 0.000000
116.541074 77.694683 0.000000 0.000000
120.401650 77.694683 0.000000 0.000000
124.262226 77.694683 0.000000 0.000000
128.122802 77.694683 0.000000 0.000000
131.983378 77.694683 0.000000 0.000000
135.843953 77.694683 0.000000 0.000000
139.704529 77.694683 0.000000 0.000000
143.565105 77.694683 0.000000 0.000000
147.425681 77.694683 0.000000 0.000000
151.286257 77.694683 0.000000 0.000000
155.146833 77.694683 0.000000 0.000000
159.007409 77.694683 0.000000 0.000000
162.867985 77.694683 0.000000 0.000000
-30.160811 73.834107 0.000000 0.000000
-26.300235 73.834107 0.000000 0.000000
-22.439659 73.834107 0.000000 0.000000
-18.579083 73.834107 0.000000 0.000000
-14.718507 73.834107 0.000000 0.000000
-10.857931 73.834107 0.000000 0.000000
-6.997355 73.834107 0.000000 0.000000
-3.136779 73.834107 0.000000 0.000000
0.723796 73.834107 0.000000 0.000000
4.584372 73.834107 0.000000 0.000000
8.444948 73.834107 0.000000 0.000000
12.305524 73.834107 0.000000 0.000000
16.166100 73.834107 0.000000 0.000000
20.026676 73.834107 0.000000 0.000000
23.887252 73.834107 0.000000 0.000000
27.747828 73.834107 0.000000 0.000000
31.608404 73.834107 0.000000 0.000000
35.468980 73.834107 0.000000 0.000000
39.329556 73.834107 0.000000 0.000000
43.190132 73.834107 0.000000 0.000000
47.050707 73.834107 0.000000 0.000000
50.911283 73.834107 0.000000 0.000000
54.771859 73.834107 0.000000 0.000000
58.632435 73.834107 0.000000 0.000000
62.493011 73.834107 0.000000 0.000000
66.353587 73.834107 0.000000 0.000000
70.214163 73.834107 0.000000 0.000000
74.074739 73.834107 0.000000 0.000000
77.935315 73.834107 0.000000 0.000000
81.795891 73.834107 0.000000 0.000000
85.656467 73.834107 0.000000 0.000000
89.517043 73.834107 0.000000 0.000000
93.377618 73.834107 0.000000 0.000000
97.238194 73.834107 0.000000 0.000000
101.098770 73.834107 0.000000 0.000000
104.959346 73.834107 0.000000 0.000000
108.819922 73.834107 0.000000 0.000000
112.680498 73.834107 0.000000 0.000000
116.541074 73.834107 0.000000 0.000000
120.401650 73.834107 0.000000 0.000000
124.262226 73.834107 0.000000 0.000000
128.122802 73.834107 0.000000 0.000000
131.983378 73.834107 0.000000 0.000000
135.843953 73.834107 0.000000 0.000000
139.704529 73.834107 0.000000 0.000000
143.565105 73.834107 0.000000 0.000000
147.425681 73.834107 0.000000 0.000000
151.286257 73.834107 0.000000 0.000000
155.146833 73.834107 0.000000 0.000000
159.007409 73.834107 0.000000 0.000000
162.867985 73.834107 0.000000 0.000000
-30.160811 69.973531 0.000000 0.000000
-26.300235 69.973531 0.000000 0.000000
-22.439659 69.973531 0.000000 0.000000
-18.579083 69.973531 0.000000 0.000000
-14.718507 69.973531 0.000000 0.000000
-10.857931 69.973531 0.000000 0.000000
-6.997355 69.973531 0.000000 0.000000
-3.136779 69.973531 0.000000 0.000000
0.723796 69.973531 0.000000 0.000000
4.584372 69.973531 0.000000 0.000000
8.444948 69.973531 0.000000 0.000000
12.305524 69.973531 0.000000 0.000000
16.166100 69.973531 0.000000 0.000000
20.026676 69.973531 0.000000 0.000000
23.887252 69.973531 0.000000 0.000000
27.747828 69.973531 0.000000 0.000000
31.608404 69.973531 0.000000 0.000000
35.468980 69.973531 0.000000 0.000000
39.329556 69.973531 0.000000 0.000000
43.190132 69.973531 0.000000 0.000000
47.050707 69.973531 0.000000 0.000000
50.911283 69.973531 0.000000 0.000000
54.771859 69.973531 0.000000 0.000000
58.632435 69.973531 0.000000 0.000000
62.493011 69.973531 0.000000 0.000000
66.353587 69.973531 0.000000 0.000000
70.214163 69.973531 0.000000 0.000000
74.074739 69.973531 0.000000 0.000000
77.935315 69.973531 0.000000 0.000000
81.795891 69.973531 0.000000 0.000000
85.656467 69.973531 0.000000 0.000000
89.517043 69.973531 0.000000 0.000000
93.377618 69.973531 0.000000 0.000000
97.238194 69.973531 0.000000 0.000000
101.098770 69.973531 0.000000 0.000000
104.959346 69.973531 0.000000 0.000000
108.819922 69.973531 0.000000 0.000000
112.680498 69.973531 0.000000 0.000000
116.541074 69.973531 0.000000 0.000000
120.401650 69.973531 0.000000 0.000000
124.262226 69.973531 0.000000 0.000000
128.122802 69.973531 0.000000 0.000000
131.983378 69.973531 0.000000 0.000000
135.843953 69.973531 0.000000 0.000000
139.704529 69.973531 0.000000 0.000000
143.565105 69.973531 0.000000 0.000000
147.425681 69.973531 0.000000 0.000000
151.286257 69.973531 0.000000 0.000000
155.146833 69.973531 0.000000 0.000000
159.007409 69.973531 0.000000 0.000000
162.867985 69.973531 0.000000 0.000000
-30.160811 66.112955 0.000000 0.000000
-26.300235 66.112955 0.000000 0.000000
-22.439659 66.112955 0.000000 0.000000
-18.579083 66.112955 0.000000 0.000000
-14.718507 66.112955 0.000000 0.000000
-10.857931 66.112955 0.000000 0.000000
-6.997355 66.112955 0.000000 0.000000
-3.136779 66.112955 0.000000 0.000000
0.723796 66.112955 0.000000 0.000000
4.584372 66.112955 0.000000 0.000000
8.444948 66.112955 0.000000 0.000000
12.305524 66.112955 0.000000 0.000000
16.166100 66.112955 0.000000 0.000000
20.026676 66.112955 0.000000 0.000000
23.887252 66.112955 0.000000 0.000000
27.747828 66.112955 0.000000 0.000000
31.608404 66.112955 0.000000 0.000000
35.468980 66.112955 0.000000 0.000000
39.329556 66.112955 0.000000 0.000000
43.190132 66.112955 0.000000 0.000000
47.050707 66.112955 0.000000 0.000000
50.911283 66.112955 0.000000 0.000000
54.771859 66.112955 0.000000 0.000000
58.632435 66.112955 0.000000 0.000000
62.493011 66.112955 0.000000 0.000000
66.353587 66.112955 0.000000 0.000000
70.214163 66.112955 0.000000 0.000000
74.074739 66.112955 0.000000 0.000000
77.935315 66.112955 0.000000 0.000000
81.795891 66.112955 0.000000 0.000000
85.656467 66.112955 0.000000 0.000000
89.517043 66.112955 0.000000 0.000000
93.377618 66.112955 0.000000 0.000000
97.238194 66.112955 0.000000 0.000000
101.098770 66.112955 0.000000 0.000000
104.959346 66.112955 0.000000 0.000000
108.819922 66.112955 0.000000 0.000000
112.680498 66.112955 0.000000 0.000000
116.541074 66.112955 0.000000 0.000000
120.401650 66.112955 0.000000 0.000000
124.262226 66.112955 0.000000 0.000000
128.122802 66.112955 0.000000 0.000000
131.983378 66.112955 0.000000 0.000000
135.843953 66.112955 0.000000 0.000000
139.704529 66.112955 0.000000 0.000000
143.565105 66.112955 0.000000 0.000000
147.425681 66.112955 0.000000 0.000000
151.286257 66.112955 0.000000 0.000000
155.146833 66.112955 0.000000 0.000000
159.007409 66.112955 0.000000 0.000000
162.867985 66.112955 0.000000 0.000000
-30.160811 62.252379 0.000000 0.000000
-26.300235 62.252379 0.000000 0.000000
-22.439659 62.252379 0.000000 0.000000
-18.579083 62.252379 0.000000 0.000000
-14.718507 62.252379 0.000000 0.000000
-10.857931 62.252379 0.000000 0.000000
-6.997355 62.252379 0.000000 0.000000
-3.136779 62.252379 0.000000 0.000000
0.723796 62.252379 0.000000 0.000000
4.584372 62.252379 0.000000 0.000000
8.444948 62.252379 0.000000 0.000000
12.305524 62.252379 0.000000 0.000000
16.166100 62.252379 0.000000 0.000000
20.026676 62.252379 0.000000 0.000000
23.887252 62.252379 0.000000 0.000000
27.747828 62.252379 0.000000 0.000000
31.608404 62.252379 0.000000 0.000000
35.468980 62.252379 0.000000 0.000000
39.329556 62.252379 0.000000 0.000000
43.190132 62.252379 0.000000 0.000000
47.050707 62.252379 0.000000 0.000000
50.911283 62.252379 0.000000 0.000000
54.771859 62.252379 0.000000 0.000000
58.632435 62.252379 0.000000 0.000000
62.493011 62.252379 0.000000 0.000000
66.353587 62.252379 0.000000 0.000000
70.214163 62.252379 0.000000 0.000000
74.074739 62.252379 0.000000 0.000000
77.935315 62.252379 0.000000 0.000000
81.795891 62.252379 0.000000 0.000000
85.656467 62.252379 0.000000 0.000000
89.517043 62.252379 0.000000 0.000000
93.377618 62.252379 0.000000 0.000000
97.238194 62.252379 0.000000 0.000000
101.098770 62.252379 0.000000 0.000000
104.959346 62.252379 0.000000 0.000000
108.819922 62.252379 0.000000 0.000000
112.680498 62.252379 0.000000 0.000000
116.541074 62.252379 0.000000 0.000000
120.401650 62.252379 0.000000 0.000000
124.262226 62.252379 0.000000 0.000000
128.122802 62.252379 0.000000 0.000000
131.983378 62.252379 0.000000 0.000000
135.843953 62.252379 0.000000 0.000000
139.704529 62.252379 0.000000 0.000000
143.565105 62.252379 0.000000 0.000000
147.425681 62.252379 0.000000 0.000000
151.286257 62.252379 0.000000 0.000000
155.146833 62.252379 0.000000 0.000000
159.007409 62.252379 0.000000 0.000000
162.867985 62.252379 0.000000 0.000000
-30.160811 58.391803 0.000000 0.000000
-26.300235 58.391803 0.000000 0.000000
-22.439659 58.391803 0.000000 0.000000
-18.579083 58.391803 0.000000 0.000000
-14.718507 58.391803 0.000000 0.000000
-10.857931 58.391803 0.000000 0.000000
-6.997355 58.391803 0.000000 0.000000
-3.136779 58.391803 0.000000 0.000000
0.723796 58.391803 0.000000 0.000000
4.584372 58.391803 0.000000 0.000000
8.444948 58.391803 0.000000 0.000000
12.305524 58.391803 0.000000 0.000000
16.166100 58.391803 0.000000 0.000000
20.026676 58.391803 0.000000 0.000000
23.887252 58.391803 0.000000 0.000000
27.747828 58.391803 0.000000 0.000000
31.608404 58.391803 0.000000 0.000000
35.468980 58.391803 0.000000 0.000000
39.329556 58.391803 0.000000 0.000000
43.190132 58.391803 0.000000 0.000000
47.050707 58.391803 0.000000 0.000000
50.911283 58.391803 0.000000 0.000000
54.771859 58.391803 0.000000 0.000000
58.632435 58.391803 0.000000 0.000000
62.493011 58.391803 0.000000 0.000000
66.353587 58.391803 0.000000 0.000000
70.214163 58.391803 0.000000 0.000000
74.074739 58.391803 0.000000 0.000000
77.935315 58.391803 0.000000 0.000000
81.795891 58.391803 0.000000 0.000000
85.656467 58.391803 0.000000 0.000000
89.517043 58.391803 0.000000 0.000000
93.377618 58.391803 0.000000 0.000000
97.238194 58.391803 0.000000 0.000000
101.098770 58.391803 0.000000 0.000000
104.959346 58.391803 0.000000 0.000000
108.819922 58.391803 0.000000 0.000000
112.680498 58.391803 0.000000 0.000000
116.541074 58.391803 0.000000 0.000000
120.401650 58.391803 0.000000 0.000000
124.262226 58.391803 0.000000 0.000000
128.122802 58.391803 0.000000 0.000000
131.983378 58.391803 0.000000 0.000000
135.843953 58.391803 0.000000 0.000000
139.704529 58.391803 0.000000 0.000000
143.565105 58.391803 0.000000 0.000000
147.425681 58.391803 0.000000 0.000000
151.286257 58.391803 0.000000 0.000000
155.146833 58.391803 0.000000 0.000000
159.007409 58.391803 0.000000 0.000000
162.867985 58.391803 0.000000 0.000000
-30.160811 54.531227 0.000000 0.000000
-26.300235 54.531227 0.000000 0.000000
-22.439659 54.531227 0.000000 0.000000
-18.579083 54.531227 0.000000 0.000000
-14.718507 54.531227 0.000000 0.000000
-10.857931 54.531227 0.000000 0.000000
-6.997355 54.531227 0.000000 0.000000
-3.136779 54.531227 0.000000 0.000000
0.723796 54.531227 0.000000 0.000000
4.584372 54.531227 0.000000 0.000000
8.444948 54.531227 0.000000 0.000000
12.305524 54.531227 0.000000 0.000000
16.166100 54.531227 0.000000 0.000000
20.026676 54.531227 0.000000 0.000000
23.887252 54.531227 0.000000 0.000000
27.747828 54.531227 0.000000 0.000000
31.608404 54.531227 0.000000 0.000000
35.468980 54.531227 0.000000 0.000000
39.329556 54.531227 0.000000 0.000000
43.190132 54.531227 0.000000 0.000000
47.050707 54.531227 0.000000 0.000000
50.911283 54.531227 0.000000 0.000000
54.771859 54.531227 0.000000 0.000000
58.632435 54.531227 0.000000 0.000000
62.493011 54.531227 0.000000 0.000000
66.353587 54.531227 0.000000 0.000000
70.214163 54.531227 0.000000 0.000000
74.074739 54.531227 0.000000 0.000000
77.935315 54.531227 0.000000 0.000000
81.795891 54.531227 0.000000 0.000000
85.656467 54.531227 0.000000 0.000000
89.517043 54.531227 0.000000 0.000000
93.377618 54.531227 0.000000 0.000000
97.238194 54.531227 0.000000 0.000000
101.098770 54.531227 0.000000 0.000000
104.959346 54.531227 0.000000 0.000000
108.819922 54.531227 0.000000 0.000000
112.680498 54.531227 0.000000 0.000000
116.541074 54.531227 0.000000 0.000000
120.401650 54.531227 0.000000 0.000000
124.262226 54.531227 0.000000 0.000000
128.122802 54.531227 0.000000 0.000000
131.983378 54.531227 0.000000 0.000000
135.843953 54.531227 0.000000 0.000000
139.704529 54.531227 0.000000 0.000000
143.565105 54.531227 0.000000 0.000000
147.425681 54.531227 0.000000 0.000000
151.286257 54.531227 0.000000 0.000000
155.146833 54.531227 0.000000 0.000000
159.007409 54.531227 0.000000 0.000000
162.867985 54.531227 0.000000 0.000000
-30.160811 50.670651 0.000000 0.000000
-26.300235 50.670651 0.000000 0.000000
-22.439659 50.670651 0.000000 0.000000
-18.579083 50.670651 0.000000 0.000000
-14.718507 50.670651 0.000000 0.000000
-10.857931 50.670651 0.000000 0.000000
-6.997355 50.670651 0.000000 0.000000
-3.136779 50.670651 0.000000 0.000000
0.723796 50.670651 0.000000 0.000000
4.584372 50.670651 0.000000 0.000000
8.444948 50.670651 0.000000 0.000000
12.305524 50.670651 0.000000 0.000000
16.166100 50.670651 0.000000 0.000000
20.026676 50.670651 0.000000 0.000000
23.887252 50.670651 0.000000 0.000000
27.747828 50.670651 0.000000 0.000000
31.608404 50.670651 0.000000 0.000000
35.468980 50.670651 0.000000 0.000000
39.329556 50.670651 0.000000 0.000000
43.190132 50.670651 0.000000 0.000000
47.050707 50.670651 0.000000 0.000000
50.911283 50.670651 0.000000 0.000000
54.771859 50.670651 0.000000 0.000000
58.632435 50.670651 0.000000 0.000000
62.493011 50.670651 0.000000 0.000000
66.353587 50.670651 0.000000 0.000000
70.214163 50.670651 0.000000 0.000000
74.074739 50.670651 0.000000 0.000000
77.935315 50.670651 0.000000 0.000000
81.795891 50.670651 0.000000 0.000000
85.656467 50.670651 0.000000 0.000000
89.517043 50.670651 0.000000 0.000000
93.377618 50.670651 0.000000 0.000000
97.238194 50.670651 0.000000 0.000000
101.098770 50.670651 0.000000 0.000000
104.959346 50.670651 0.000000 0.000000
108.819922 50.670651 0.000000 0.000000
112.680498 50.670651 0.000000 0.000000
116.541074 50.670651 0.000000 0.000000
120.401650 50.670651 0.000000 0.000000
124.262226 50.670651 0.000000 0.000000
128.122802 50.670651 0.000000 0.000000
131.983378 50.670651 0.000000 0.000000
135.843953 50.670651 0.000000 0.000000
139.704529 50.670651 0.000000 0.000000
143.565105 50.670651 0.000000 0.000000
147.425681 50.670651 0.000000 0.000000
151.286257 50.670651 0.000000 0.000000
155.146833 50.670651 0.000000 0.000000
159.007409 50.670651 0.000000 0.000000
162.867985 50.670651 0.000000 0.000000
-30.160811 46.810075 0.000000 0.000000
-26.300235 46.810075 0.000000 0.000000
-22.439659 46.810075 0.000000 0.000000
-18.579083 46.810075 0.000000 0.000000
-14.718507 46.810075 0.000000 0.000000
-10.857931 46.810075 0.000000 0.000000
-6.997355 46.810075 0.000000 0.000000
-3.136779 46.810075 0.000000 0.000000
0.723796 46.810075 0.000000 0.000000
4.584372 46.810075 0.000000 0.000000
8.444948 46.810075 0.000000 0.000000
12.305524 46.810075 0.000000 0.000000
16.166100 46.810075 0.000000 0.000000
20.026676 46.810075 0.000000 0.000000
23.887252 46.810075 0.000000 0.000000
27.747828 46.810075 0.000000 0.000000
31.608404 46.810075 0.000000 0.000000
35.468980 46.810075 0.000000 0.000000
39.329556 46.810075 0.000000 0.000000
43.190132 46.810075 0.000000 0.000000
47.050707 46.810075 0.000000 0.000000
50.911283 46.810075 0.000000 0.000000
54.771859 46.810075 0.000000 0.000000
58.632435 46.810075 0.000000 0.000000
62.493011 46.810075 0.000000 0.000000
66.353587 46.810075 0.000000 0.000000
70.214163 46.810075 0.000000 0.000000
74.074739 46.810075 0.000000 0.000000
77.935315 46.810075 0.000000 0.000000
81.795891 46.810075 0.000000 0.000000
85.656467 46.810075 0.000000 0.000000
89.517043 46.810075 0.000000 0.000000
93.377618 46.810075 0.000000 0.000000
97.238194 46.810075 0.000000 0.000000
101.098770 46.810075 0.000000 0.000000
104.959346 46.810075 0.000000 0.000000
108.819922 46.810075 0.000000 0.000000
112.680498 46.810075 0.000000 0.000000
116.541074 46.810075 0.000000 0.000000
120.401650 46.810075 0.000000 0.000000
124.262226 46.810075 0.000000 0.000000
128.122802 46.810075 0.000000 0.000000
131.983378 46.810075 0.000000 0.000000
135.843953 46.810075 0.000000 0.000000
139.704529 46.810075 0.000000 0.000000
143.565105 46.810075 0.000000 0.000000
147.425681 46.810075 0.000000 0.000000
151.286257 46.810075 0.000000 0.000000
155.146833 46.810075 0.000000 0.000000
159.007409 46.810075 0.000000 0.000000
162.867985 46.810075 0.000000 0.000000
-30.160811 42.949499 0.000000 0.000000
-26.300235 42.949499 0.000000 0.000000
-22.439659 42.949499 0.000000 0.000000
-18.579083 42.949499 0.000000 0.000000
-14.718507 42.949499 0.000000 0.000000
-10.857931 42.949499 0.000000 0.000000
-6.997355 42.949499 0.000000 0.000000
-3.136779 42.949499 0.000000 0.000000
0.723796 42.949499 0.000000 0.000000
4.584372 42.949499 0.000000 0.000000
8.444948 42.949499 0.000000 0.000000
12.305524 42.949499 0.000000 0.000000
16.166100 42.949499 0.000000 0.000000
20.026676 42.949499 0.000000 0.000000
23.887252 42.949499 0.000000 0.000000
27.747828 42.949499 0.000000 0.000000
31.608404 42.949499 0.000000 0.000000
35.468980 42.949499 0.000000 0.000000
39.329556 42.949499 0.000000 0.000000
43.190132 42.949499 0.000000 0.000000
47.050707 42.949499 0.000000 0.000000
50.911283 42.949499 0.000000 0.000000
54.771859 42.949499 0.000000 0.000000
58.632435 42.949499 0.000000 0.000000
62.493011 42.949499 0.000000 0.000000
66.353587 42.949499 0.000000 0.000000
70.214163 42.949499 0.000000 0.000000
74.074739 42.949499 0.000000 0.000000
77.935315 42.949499 0.000000 0.000000
81.795891 42.949499 0.000000 0.000000
85.656467 42.949499 0.000000 0.000000
89.517043 42.949499 0.000000 0.000000
93.377618 42.949499 0.000000 0.000000
97.238194 42.949499 0.000000 0.000000
101.098770 42.949499 0.000000 0.000000
104.959346 42.949499 0.000000 0.000000
108.819922 42.949499 0.000000 0.000000
112.680498 42.949499 0.000000 0.000000
116.541074 42.949499 0.000000 0.000000
120.401650 42.949499 0.000000 0.000000
124.262226 42.949499 0.000000 0.000000
128.122802 42.949499 0.000000 0.000000
131.983378 42.949499 0.000000 0.000000
135.843953 42.949499 0.000000 0.000000
139.704529 42.949499 0.000000 0.000000
143.565105 42.949499 0.000000 0.000000
147.425681 42.949499 0.000000 0.000000
151.286257 42.949499 0.000000 0.000000
155.146833 42.949499 0.000000 0.000000
159.007409 42.949499 0.000000 0.000000
162.867985 42.949499 0.000000 0.000000
-30.160811 39.088924 0.000000 0.000000
-26.300235 39.088924 0.000000 0.000000
-22.439659 39.088924 0.000000 0.000000
-18.579083 39.088924 0.000000 0.000000
-14.718507 39.088924 0.000000 0.000000
-10.857931 39.088924 0.000000 0.000000
-6.997355 39.088924 0.000000 0.000000
-3.136779 39.088924 0.000000 0.000000
0.723796 39.088924 0.000000 0.000000
4.584372 39.088924 0.000000 0.000000
8.444948 39.088924 0.000000 0.000000
12.305524 39.088924 0.000000 0.000000
16.166100 39.088924 0.000000 0.000000
20.026676 39.088924 0.000000 0.000000
23.887252 39.088924 0.000000 0.000000
27.747828 39.088924 0.000000 0.000000
31.608404 39.088924 0.000000 0.000000
35.468980 39.088924 0.000000 0.000000
39.329556 39.088924 0.000000 0.000000
43.190132 39.088924 0.000000 0.000000
47.050707 39.088924 0.000000 0.000000
50.911283 39.088924 0.000000 0.000000
54.771859 39.088924 0.000000 0.000000
58.632435 39.088924 0.000000 0.000000
62.493011 39.088924 0.000000 0.000000
66.353587 39.088924 0.000000 0.000000
70.214163 39.088924 0.000000 0.000000
74.074739 39.088924 0.000000 0.000000
77.935315 39.088924 0.000000 0.000000
81.795891 39.088924 0.000000 0.000000
85.656467 39.088924 0.000000 0.000000
89.517043 39.088924 0.000000 0.000000
93.377618 39.088924 0.000000 0.000000
97.238194 39.088924 0.000000 0.000000
101.098770 39.088924 0.000000 0.000000
104.959346 39.088924 0.000000 0.000000
108.819922 39.088924 0.000000 0.000000
112.680498 39.088924 0.000000 0.000000
116.541074 39.088924 0.000000 0.000000
120.401650 39.088924 0.000000 0.000000
124.262226 39.088924 0.000000 0.000000
128.122802 39.088924 0.000000 0.000000
131.983378 39.088924 0.000000 0.000000
135.843953 39.088924 0.000000 0.000000
139.704529 39.088924 0.000000 0.000000
143.565105 39.088924 0.000000 0.000000
147.425681 39.088924 0.000000 0.000000
151.286257 39.088924 0.000000 0.000000
155.146833 39.088924 0.000000 0.000000
159.007409 39.088924 0.000000 0.000000
162.867985 39.088924 0.000000 0.000000
-30.160811 35.228348 0.000000 0.000000
-26.300235 35.228348 0.000000 0.000000
-22.439659 35.228348 0.000000 0.000000
-18.579083 35.228348 0.000000 0.000000
-14.718507 35.228348 0.000000 0.000000
-10.857931 35.228348 0.000000 0.000000
-6.997355 35.228348 0.000000 0.000000
-3.136779 35.228348 0.000000 0.000000
0.723796 35.228348 0.000000 0.000000
4.584372 35.228348 0.000000 0.000000
8.444948 35.228348 0.000000 0.000000
12.305524 35.228348 0.000000 0.000000
16.166100 35.228348 0.000000 0.000000
20.026676 35.228348 0.000000 0.000000
23.887252 35.228348 0.000000 0.000000
27.747828 35.228348 0.000000 0.000000
31.608404 35.228348 0.000000 0.000000
35.468980 35.228348 0.000000 0.000000
39.329556 35.228348 0.000000 0.000000
43.190132 35.228348 0.000000 0.000000
47.050707 35.228348 0.000000 0.000000
50.911283 35.228348 0.000000 0.000000
54.771859 35.228348 0.000000 0.000000
58.632435 35.228348 0.000000 0.000000
62.493011 35.228348 0.000000 0.000000
66.353587 35.228348 0.000000 0.000000
70.214163 35.228348 0.000000 0.000000
74.074739 35.228348 0.000000 0.000000
77.935315 35.228348 0.000000 0.000000
81.795891 35.228348 0.000000 0.000000
85.656467 35.228348 0.000000 0.000000
89.517043 35.228348 0.000000 0.000000
93.377618 35.228348 0.000000 0.000000
97.238194 35.228348 0.000000 0.000000
101.098770 35.228348 0.000000 0.000000
104.959346 35.228348 0.000000 0.000000
108.819922 35.228348 0.000000 0.000000
112.680498 35.228348 0.000000 0.000000
116.541074 35.228348 0.000000 0.000000
120.401650 35.228348 0.000000 0.000000
124.262226 35.228348 0.000000 0.000000
128.122802 35.228348 0.000000 0.000000
131.983378 35.228348 0.000000 0.000000
135.843953 35.228348 0.000000 0.000000
139.704529 35.228348 0.000000 0.000000
143.565105 35.228348 0.000000 0.000000
147.425681 35.228348 0.000000 0.000000
151.286257 35.228348 0.000000 0.000000
155.146833 35.228348 0.000000 0.000000
159.007409 35.228348 0.000000 0.000000
162.867985 35.228348 0.000000 0.000000
-30.160811 31.367772 0.000000 0.000000
-26.300235 31.367772 0.000000 0.000000
-22.439659 31.367772 0.000000 0.000000
-18.579083 31.367772 0.000000 0.000000
-14.718507 31.367772 0.000000 0.000000
-10.857931 31.367772 0.000000 0.000000
-6.997355 31.367772 0.000000 0.000000
-3.136779 31.367772 0.000000 0.000000
0.723796 31.367772 0.000000 0.000000
4.584372 31.367772 0.000000 0.000000
8.444948 31.367772 0.000000 0.000000
12.305524 31.367772 0.000000 0.000000
16.166100 31.367772 0.000000 0.000000
20.026676 31.367772 0.000000 0.000000
23.887252 31.367772 0.000000 0.000000
27.747828 31.367772 0.000000 0.000000
31.608404 31.367772 0.000000 0.000000
35.468980 31.367772 0.000000 0.000000
39.329556 31.367772 0.000000 0.000000
43.190132 31.367772 0.000000 0.000000
47.050707 31.367772 0.000000 0.000000
50.911283 31.367772 0.000000 0.000000
54.771859 31.367772 0.000000 0.000000
58.632435 31.367772 0.000000 0.000000
62.493011 31.367772 0.000000 0.000000
66.353587 31.367772 0.000000 0.000000
70.214163 31.367772 0.000000 0.000000
74.074739 31.367772 0.000000 0.000000
77.935315 31.367772 0.000000 0.000000
81.795891 31.367772 0.000000 0.000000
85.656467 31.367772 0.000000 0.000000
89.517043 31.367772 0.000000 0.000000
93.377618 31.367772 0.000000 0.000000
97.238194 31.367772 0.000000 0.000000
101.098770 31.367772 0.000000 0.000000
104.959346 31.367772 0.000000 0.000000
108.819922 31.367772 0.000000 0.000000
112.680498 31.367772 0.000000 0.000000
116.541074 31.367772 0.000000 0.000000
120.401650 31.367772 0.000000 0.000000
124.262226 31.367772 0.000000 0.000000
128.122802 31.367772 0.000000 0.000000
131.983378 31.367772 0.000000 0.000000
135.843953 31.367772 0.000000 0.000000
139.704529 31.367772 0.000000 0.000000
143.565105 31.367772 0.000000 0.000000
147.425681 31.367772 0.000000 0.000000
151.286257 31.367772 0.000000 0.000000
155.146833 31.367772 0.000000 0.000000
159.007409 31.367772 0.000000 0.000000
162.867985 31.367772 0.000000 0.000000
-30.160811 27.507196 0.000000 0.000000
-26.300235 27.507196 0.000000 0.000000
-22.439659 27.507196 0.000000 0.000000
-18.579083 27.507196 0.000000 0.000000
-14.718507 27.507196 0.000000 0.000000
-10.857931 27.507196 0.000000 0.000000
-6.997355 27.507196 0.000000 0.000000
-3.136779 27.507196 0.000000 0.000000
0.723796 27.507196 0.000000 0.000000
4.584372 27.507196 0.000000 0.000000
8.444948 27.507196 0.000000 0.000000
12.305524 27.507196 0.000000 0.000000
16.166100 27.507196 0.000000 0.000000
20.026676 27.507196 0.000000 0.000000
23.887252 27.507196 0.000000 0.000000
27.747828 27.507196 0.000000 0.000000
31.608404 27.507196 0.000000 0.000000
35.468980 27.507196 0.000000 0.000000
39.329556 27.507196 0.000000 0.000000
43.190132 27.507196 0.000000 0.000000
47.050707 27.507196 0.000000 0.000000
50.911283 27.507196 0.000000 0.000000
54.771859 27.507196 0.000000 0.000000
58.632435 27.507196 0.000000 0.000000
62.493011 27.507196 0.000000 0.000000
66.353587 27.507196 0.000000 0.000000
70.214163 27.507196 0.000000 0.000000
74.074739 27.507196 0.000000 0.000000
77.935315 27.507196 0.000000 0.000000
81.795891 27.507196 0.000000 0.000000
85.656467 27.507196 0.000000 0.000000
89.517043 27.507196 0.000000 0.000000
93.377618 27.507196 0.000000 0.000000
97.238194 27.507196 0.000000 0.000000
101.098770 27.507196 0.000000 0.000000
104.959346 27.507196 0.000000 0.000000
108.819922 27.507196 0.000000 0.000000
112.680498 27.507196 0.000000 0.000000
116.541074 27.507196 0.000000 0.000000
120.401650 27.507196 0.000000 0.000000
124.262226 27.507196 0.000000 0.000000
128.122802 27.507196 0.000000 0.000000
131.983378 27.507196 0.000000 0.000000
135.843953 27.507196 0.000000 0.000000
139.704529 27.507196 0.000000 0.000000
143.565105 27.507196 0.000000 0.000000
147.425681 27.507196 0.000000 0.000000
151.286257 27.507196 0.000000 0.000000
155.146833 27.507196 0.000000 0.000000
159.007409 27.507196 0.000000 0.000000
162.867985 27.507196 0.000000 0.000000
-30.160811 23.646620 0.000000 0.000000
-26.300235 23.646620 0.000000 0.000000
-22.439659 23.646620 0.000000 0.000000
-18.579083 23.646620 0.000000 0.000000
-14.718507 23.646620 0.000000 0.000000
-10.857931 23.646620 0.000000 0.000000
-6.997355 23.646620 0.000000 0.000000
-3.136779 23.646620 0.000000 0.000000
0.723796 23.646620 0.000000 0.000000
4.584372 23.646620 0.000000 0.000000
8.444948 23.646620 0.000000 0.000000
12.305524 23.646620 0.000000 0.000000
16.166100 23.646620 0.000000 0.000000
20.026676 23.646620 0.000000 0.000000
23.887252 23.646620 0.000000 0.000000
27.747828 23.646620 0.000000 0.000000
31.608404 23.646620 0.000000 0.000000
35.468980 23.646620 0.000000 0.000000
39.329556 23.646620 0.000000 0.000000
43.190132 23.646620 0.000000 0.000000
47.050707 23.646620 0.000000 0.000000
50.911283 23.646620 0.000000 0.000000
54.771859 23.646620 0.000000 0.000000
58.632435 23.646620 0.000000 0.000000
62.493011 23.646620 0.000000 0.000000
66.353587 23.646620 0.000000 0.000000
70.214163 23.646620 0.000000 0.000000
74.074739 23.646620 0.000000 0.000000
77.935315 23.646620 0.000000 0.000000
81.795891 23.646620 0.000000 0.000000
85.656467 23.646620 0.000000 0.000000
89.517043 23.646620 0.000000 0.000000
93.377618 23.646620 0.000000 0.000000
97.238194 23.646620 0.000000 0.000000
101.098770 23.646620 0.000000 0.000000
104.959346 23.646620 0.000000 0.000000
108.819922 23.646620 0.000000 0.000000
112.680498 23.646620 0.000000 0.000000
116.541074 23.646620 0.000000 0.000000
120.401650 23.646620 0.000000 0.000000
124.262226 23.646620 0.000000 0.000000
128.122802 23.646620 0.000000 0.000000
131.983378 23.646620 0.000000 0.000000
135.843953 23.646620 0.000000 0.000000
139.704529 23.646620 0.000000 0.000000
143.565105 23.646620 0.000000 0.000000
147.425681 23.646620 0.000000 0.000000
151.286257 23.646620 0.000000 0.000000
155.146833 23.646620 0.000000 0.000000
159.007409 23.646620 0.000000 0.000000
162.867985 23.646620 0.000000 0.000000
-30.160811 19.786044 0.000000 0.000000
-26.300235 19.786044 0.000000 0.000000
-22.439659 19.786044 0.000000 0.000000
-18.579083 19.786044 0.000000 0.000000
-14.718507 19.786044 0.000000 0.000000
-10.857931 19.786044 0.000000 0.000000
-6.997355 19.786044 0.000000 0.000000
-3.136779 19.786044 0.000000 0.000000
0.723796 19.786044 0.000000 0.000000
4.584372 19.786044 0.000000 0.000000
8.444948 19.786044 0.000000 0.000000
12.305524 19.786044 0.000000 0.000000
16.166100 19.786044 0.000000 0.000000
20.026676 19.786044 0.000000 0.000000
23.887252 19.786044 0.000000 0.000000
27.747828 19.786044 0.000000 0.000000
31.608404 19.786044 0.000000 0.000000
35.468980 19.786044 0.000000 0.000000
39.329556 19.786044 0.000000 0.000000
43.190132 19.786044 0.000000 0.000000
47.050707 19.786044 0.000000 0.000000
50.911283 19.786044 0.000000 0.000000
54.771859 19.786044 0.000000 0.000000
58.632435 19.786044 0.000000 0.000000
62.493011 19.786044 0.000000 0.000000
66.353587 19.786044 0.000000 0.000000
70.214163 19.786044 0.000000 0.000000
74.074739 19.786044 0.000000 0.000000
77.935315 19.786044 0.000000 0.000000
81.795891 19.786044 0.000000 0.000000
85.656467 19.786044 0.000000 0.000000
89.517043 19.786044 0.000000 0.000000
93.377618 19.786044 0.000000 0.000000
97.238194 19.786044 0.000000 0.000000
101.098770 19.786044 0.000000 0.000000
104.959346 19.786044 0.000000 0.000000
108.819922 19.786044 0.000000 0.000000
112.680498 19.786044 0.000000 0.000000
116.541074 19.786044 0.000000 0.000000
120.401650 19.786044 0.000000 0.000000
124.262226 19.786044 0.000000 0.000000
128.122802 19.786044 0.000000 0.000000
131.983378 19.786044 0.000000 0.000000
135.843953 19.786044 0.000000 0.000000
139.704529 19.786044 0.000000 0.000000
143.565105 19.786044 0.000000 0.000000
147.425681 19.786044 0.000000 0.000000
151.286257 19.786044 0.000000 0.000000
155.146833 19.786044 0.000000 0.000000
159.007409 19.786044 0.000000 0.000000
162.867985 19.786044 0.000000 0.000000
-30.160811 15.925468 0.000000 0.000000
-26.300235 15.925468 0.000000 0.000000
-22.439659 15.925468 0.000000 0.000000
-18.579083 15.925468 0.000000 0.000000
-14.718507 15.925468 0.000000 0.000000
-10.857931 15.925468 0.000000 0.000000
-6.997355 15.925468 0.000000 0.000000
-3.136779 15.925468 0.000000 0.000000
0.723796 15.925468 0.000000 0.000000
4.584372 15.925468 0.000000 0.000000
8.444948 15.925468 0.000000 0.000000
12.305524 15.925468 0.000000 0.000000
16.166100 15.925468 0.000000 0.000000
20.026676 15.925468 0.000000 0.000000
23.887252 15.925468 0.000000 0.000000
27.747828 15.925468 0.000000 0.000000
31.608404 15.925468 0.000000 0.000000
35.468980 15.925468 0.000000 0.000000
39.329556 15.925468 0.000000 0.000000
43.190132 15.925468 0.000000 0.000000
47.050707 15.925468 0.000000 0.000000
50.911283 15.925468 0.000000 0.000000
54.771859 15.925468 0.000000 0.000000
58.632435 15.925468 0.000000 0.000000
62.493011 15.925468 0.000000 0.000000
66.353587 15.925468 0.000000 0.000000
70.214163 15.925468 0.000000 0.000000
74.074739 15.925468 0.000000 0.000000
77.935315 15.925468 0.000000 0.000000
81.795891 15.925468 0.000000 0.000000
85.656467 15.925468 0.000000 0.000000
89.517043 15.925468 0.000000 0.000000
93.377618 15.925468 0.000000 0.000000
97.238194 15.925468 0.000000 0.000000
101.098770 15.925468 0.000000 0.000000
104.959346 15.925468 0.000000 0.000000
108.819922 15.925468 0.000000 0.000000
112.680498 15.925468 0.000000 0.000000
116.541074 15.925468 0.000000 0.000000
120.401650 15.925468 0.000000 0.000000
124.262226 15.925468 0.000000 0.000000
128.122802 15.925468 0.000000 0.000000
131.983378 15.925468 0.000000 0.000000
135.843953 15.925468 0.000000 0.000000
139.704529 15.925468 0.000000 0.000000
143.565105 15.925468 0.000000 0.000000
147.425681 15.925468 0.000000 0.000000
151.286257 15.925468 0.000000 0.000000
155.146833 15.925468 0.000000 0.000000
159.007409 15.925468 0.000000 0.000000
162.867985 15.925468 0.000000 0.000000
-30.160811 12.064892 0.000000 0.000000
-26.300235 12.064892 0.000000 0.000000
-22.439659 12.064892 0.000000 0.000000
-18.579083 12.064892 0.000000 0.000000
-14.718507 12.064892 0.000000 0.000000
-10.857931 12.064892 0.000000 0.000000
-6.997355 12.064892 0.000000 0.000000
-3.136779 12.064892 0.000000 0.000000
0.723796 12.064892 0.000000 0.000000
4.584372 12.064892 0.000000 0.000000
8.444948 12.064892 0.000000 0.000000
12.305524 12.064892 0.000000 0.000000
16.166100 12.064892 0.000000 0.000000
20.026676 12.064892 0.000000 0.000000
23.887252 12.064892 0.000000 0.000000
27.747828 12.064892 0.000000 0.000000
31.608404 12.064892 0.000000 0.000000
35.468980 12.064892 0.000000 0.000000
39.329556 12.064892 0.000000 0.000000
43.190132 12.064892 0.000000 0.000000
47.050707 12.064892 0.000000 0.000000
50.911283 12.064892 0.000000 0.000000
54.771859 12.064892 0.000000 0.000000
58.632435 12.064892 0.000000 0.000000
62.493011 12.064892 0.000000 0.000000
66.353587 12.064892 0.000000 0.000000
70.214163 12.064892 0.000000 0.000000
74.074739 12.064892 0.000000 0.000000
77.935315 12.064892 0.000000 0.000000
81.795891 12.064892 0.000000 0.000000
85.656467 12.064892 0.000000 0.000000
89.517043 12.064892 0.000000 0.000000
93.377618 12.064892 0.000000 0.000000
97.238194 12.064892 0.000000 0.000000
101.098770 12.064892 0.000000 0.000000
104.959346 12.064892 0.000000 0.000000
108.819922 12.064892 0.000000 0.000000
112.680498 12.064892 0.000000 0.000000
116.541074 12.064892 0.000000 0.000000
120.401650 12.064892 0.000000 0.000000
124.262226 12.064892 0.000000 0.000000
128.122802 12.064892 0.000000 0.000000
131.983378 12.064892 0.000000 0.000000
135.843953 12.064892 0.000000 0.000000
139.704529 12.064892 0.000000 0.000000
143.565105 12.064892 0.000000 0.000000
147.425681 12.064892 0.000000 0.000000
151.286257 12.064892 0.000000 0.000000
155.146833 12.064892 0.000000 0.000000
159.007409 12.064892 0.000000 0.000000
162.867985 12.064892 0.000000 0.000000
-30.160811 8.204316 0.000000 0.000000
-26.300235 8.204316 0.000000 0.000000
-22.439659 8.204316 0.000000 0.000000
-18.579083 8.204316 0.000000 0.000000
-14.718507 8.204316 0.000000 0.000000
-10.857931 8.204316 0.000000 0.000000
-6.997355 8.204316 0.000000 0.000000
-3.136779 8.204316 0.000000 0.000000
0.723796 8.204316 0.000000 0.000000
4.584372 8.204316 0.000000 0.000000
8.444948 8.204316 0.000000 0.000000
12.305524 8.204316 0.000000 0.000000
16.166100 8.204316 0.000000 0.000000
20.026676 8.204316 0.000000 0.000000
23.887252 8.204316 0.000000 0.000000
27.747828 8.204316 0.000000 0.000000
31.608404 8.204316 0.000000 0.000000
35.468980 8.204316 0.000000 0.000000
39.329556 8.204316 0.000000 0.000000
43.190132 8.204316 0.000000 0.000000
47.050707 8.204316 0.000000 0.000000
50.911283 8.204316 0.000000 0.000000
54.771859 8.204316 0.000000 0.000000
58.632435 8.204316 0.000000 0.000000
62.493011 8.204316 0.000000 0.000000
66.353587 8.204316 0.000000 0.000000
70.214163 8.204316 0.000000 0.000000
74.074739 8.204316 0.000000 0.000000
77.935315 8.204316 0.000000 0.000000
81.795891 8.204316 0.000000 0.000000
85.656467 8.204316 0.000000 0.000000
89.517043 8.204316 0.000000 0.000000
93.377618 8.204316 0.000000 0.000000
97.238194 8.204316 0.000000 0.000000
101.098770 8.204316 0.000000 0.000000
104.959346 8.204316 0.000000 0.000000
108.819922 8.204316 0.000000 0.000000
112.680498 8.204316 0.000000 0.000000
116.541074 8.204316 0.000000 0.000000
120.401650 8.204316 0.000000 0.000000
124.262226 8.204316 0.000000 0.000000
128.122802 8.204316 0.000000 0.000000
131.983378 8.204316 0.000000 0.000000
135.843953 8.204316 0.000000 0.000000
139.704529 8.204316 0.000000 0.000000
143.565105 8.204316 0.000000 0.000000
147.425681 8.204316 0.000000 0.000000
151.286257 8.204316 0.000000 0.000000
155.146833 8.204316 0.000000 0.000000
159.007409 8.204316 0.000000 0.000000
162.867985 8.204316 0.000000 0.000000
-30.160811 4.343740 0.000000 0.000000
-26.300235 4.343740 0.000000 0.000000
-22.439659 4.343740 0.000000 0.000000
-18.579083 4.343740 0.000000 0.000000
-14.718507 4.343740 0.000000 0.000000
-10.857931 4.343740 0.000000 0.000000
-6.997355 4.343740 0.000000 0.000000
-3.136779 4.343740 0.000000 0.000000
0.723796 4.343740 0.000000 0.000000
4.584372 4.343740 0.000000 0.000000
8.444948 4.343740 0.000000 0.000000
12.305524 4.343740 0.000000 0.000000
16.166100 4.343740 0.000000 0.000000
20.026676 4.343740 0.000000 0.000000
23.887252 4.343740 0.000000 0.000000
27.747828 4.343740 0.000000 0.000000
31.608404 4.343740 0.000000 0.000000
35.468980 4.343740 0.000000 0.000000
39.329556 4.343740 0.000000 0.000000
43.190132 4.343740 0.000000 0.000000
47.050707 4.343740 0.000000 0.000000
50.911283 4.343740 0.000000 0.000000
54.771859 4.343740 0.000000 0.000000
58.632435 4.343740 0.000000 0.000000
62.493011 4.343740 0.000000 0.000000
66.353587 4.343740 0.000000 0.000000
70.214163 4.343740 0.000000 0.000000
74.074739 4.343740 0.000000 0.000000
77.935315 4.343740 0.000000 0.000000
81.795891 4.343740 0.000000 0.000000
85.656467 4.343740 0.000000 0.000000
89.517043 4.343740 0.000000 0.000000
93.377618 4.343740 0.000000 0.000000
97.238194 4.343740 0.000000 0.000000
101.098770 4.343740 0.000000 0.000000
104.959346 4.343740 0.000000 0.000000
108.819922 4.343740 0.000000 0.000000
112.680498 4.343740 0.000000 0.000000
116.541074 4.343740 0.000000 0.000000
120.401650 4.343740 0.000000 0.000000
124.262226 4.343740 0.000000 0.000000
128.122802 4.343740 0.000000 0.000000
131.983378 4.343740 0.000000 0.000000
135.843953 4.343740 0.000000 0.000000
139.704529 4.343740 0.000000 0.000000
143.565105 4.343740 0.000000 0.000000
147.425681 4.343740 0.000000 0.000000
151.286257 4.343740 0.000000 0.000000
155.146833 4.343740 0.000000 0.000000
159.007409 4.343740 0.000000 0.000000
162.867985 4.343740 0.000000 0.000000
-30.160811 0.483164 0.000000 0.000000
-26.300235 0.483164 0.000000 0.000000
-22.439659 0.483164 0.000000 0.000000
-18.579083 0.483164 0.000000 0.000000
-14.718507 0.483164 0.000000 0.000000
-10.857931 0.483164 0.000000 0.000000
-6.997355 0.483164 0.000000 0.000000
-3.136779 0.483164 0.000000 0.000000
0.723796 0.483164 0.000000 0.000000
4.584372 0.483164 0.000000 0.000000
8.444948 0.483164 0.000000 0.000000
12.305524 0.483164 0.000000 0.000000
16.166100 0.483164 0.000000 0.000000
20.026676 0.483164 0.000000 0.000000
23.887252 0.483164 0.000000 0.000000
27.747828 0.483164 0.000000 0.000000
31.608404 0.483164 0.000000 0.000000
35.468980 0.483164 0.000000 0.000000
39.329556 0.483164 0.000000 0.000000
43.190132 0.483164 0.000000 0.000000
47.050707 0.483164 0.000000 0.000000
50.911283 0.483164 0.000000 0.000000
54.771859 0.483164 0.000000 0.000000
58.632435 0.483164 0.000000 0.000000
62.493011 0.483164 0.000000 0.000000
66.353587 0.483164 0.000000 0.000000
70.214163 0.483164 0.000000 0.000000
74.074739 0.483164 0.000000 0.000000
77.935315 0.483164 0.000000 0.000000
81.795891 0.483164 0.000000 0.000000
85.656467 0.483164 0.000000 0.000000
89.517043 0.483164 0.000000 0.000000
93.377618 0.483164 0.000000 0.000000
97.238194 0.483164 0.000000 0.000000
101.098770 0.483164 0.000000 0.000000
104.959346 0.483164 0.000000 0.000000
108.819922 0.483164 0.000000 0.000000
112.680498 0.483164 0.000000 0.000000
116.541074 0.483164 0.000000 0.000000
120.401650 0.483164 0.000000 0.000000
124.262226 0.483164 0.000000 0.000000
128.122802 0.483164 0.000000 0.000000
131.983378 0.483164 0.000000 0.000000
135.843953 0.483164 0.000000 0.000000
139.704529 0.483164 0.000000 0.000000
143.565105 0.483164 0.000000 0.000000
147.425681 0.483164 0.000000 0.000000
151.286257 0.483164 0.000000 0.000000
155.146833 0.483164 0.000000 0.000000
159.007409 0.483164 0.000000 0.000000
162.867985 0.483164 0.000000 0.000000
-30.160811 -3.377411 0.000000 0.000000
-26.300235 -3.377411 0.000000 0.000000
-22.439659 -3.377411 0.000000 0.000000
-18.579083 -3.377411 0.000000 0.000000
-14.718507 -3.377411 0.000000 0.000000
-10.857931 -3.377411 0.000000 0.000000
-6.997355 -3.377411 0.000000 0.000000
-3.136779 -3.377411 0.000000 0.000000
0.723796 -3.377411 0.000000 0.000000
4.584372 -3.377411 0.000000 0.000000
8.444948 -3.377411 0.000000 0.000000
12.305524 -3.377411 0.000000 0.000000
16.166100 -3.377411 0.000000 0.000000
20.026676 -3.377411 0.000000 0.000000
23.887252 -3.377411 0.000000 0.000000
27.747828 -3.377411 0.000000 0.000000
31.608404 -3.377411 0.000000 0.000000
35.468980 -3.377411 0.000000 0.000000
39.329556 -3.377411 0.000000 0.000000
43.190132 -3.377411 0.000000 0.000000
47.050707 -3.377411 0.000000 0.000000
50.911283 -3.377411 0.000000 0.000000
54.771859 -3.377411 0.000000 0.000000
58.632435 -3.377411 0.000000 0.000000
62.493011 -3.377411 0.000000 0.000000
66.353587 -3.377411 0.000000 0.000000
70.214163 -3.377411 0.000000 0.000000
74.074739 -3.377411 0.000000 0.000000
77.935315 -3.377411 0.000000 0.000000
81.795891 -3.377411 0.000000 0.000000
85.656467 -3.377411 0.000000 0.000000
89.517043 -3.377411 0.000000 0.000000
93.377618 -3.377411 0.000000 0.000000
97.238194 -3.377411 0.000000 0.000000
101.098770 -3.377411 0.000000 0.000000
104.959346 -3.377411 0.000000 0.000000
108.819922 -3.377411 0.000000 0.000000
112.680498 -3.377411 0.000000 0.000000
116.541074 -3.377411 0.000000 0.000000
120.401650 -3.377411 0.000000 0.000000
124.262226 -3.377411 0.000000 0.000000
128.122802 -3.377411 0.000000 0.000000
131.983378 -3.377411 0.000000 0.000000
135.843953 -3.377411 0.000000 0.000000
139.704529 -3.377411 0.000000 0.000000
143.565105 -3.377411 0.000000 0.000000
147.425681 -3.377411 0.000000 0.000000
151.286257 -3.377411 0.000000 0.000000
155.146833 -3.377411 0.000000 0.000000
159.007409 -3.377411 0.000000 0.000000
162.867985 -3.377411 0.000000 0.000000
-30.160811 -7.237987 0.000000 0.000000
-26.300235 -7.237987 0.000000 0.000000
-22.439659 -7.237987 0.000000 0.000000
-18.579083 -7.237987 0.000000 0.000000
-14.718507 -7.237987 0.000000 0.000000
-10.857931 -7.237987 0.000000 0.000000
-6.997355 -7.237987 0.000000 0.000000
-3.136779 -7.237987 0.000000 0.000000
0.723796 -7.237987 0.000000 0.000000
4.584372 -7.237987 0.000000 0.000000
8.444948 -7.237987 0.000000 0.000000
12.305524 -7.237987 0.000000 0.000000
16.166100 -7.237987 0.000000 0.000000
20.026676 -7.237987 0.000000 0.000000
23.887252 -7.237987 0.000000 0.000000
27.747828 -7.237987 0.000000 0.000000
31.608404 -7.237987 0.000000 0.000000
35.468980 -7.237987 0.000000 0.000000
39.329556 -7.237987 0.000000 0.000000
43.190132 -7.237987 0.000000 0.000000
47.050707 -7.237987 0.000000 0.000000
50.911283 -7.237987 0.000000 0.000000
54.771859 -7.237987 0.000000 0.000000
58.632435 -7.237987 0.000000 0.000000
62.493011 -7.237987 0.000000 0.000000
66.353587 -7.237987 0.000000 0.000000
70.214163 -7.237987 0.000000 0.000000
74.074739 -7.237987 0.000000 0.000000
77.935315 -7.237987 0.000000 0.000000
81.795891 -7.237987 0.000000 0.000000
85.656467 -7.237987 0.000000 0.000000
89.517043 -7.237987 0.000000 0.000000
93.377618 -7.237987 0.000000 0.000000
97.238194 -7.237987 0.000000 0.000000
101.098770 -7.237987 0.000000 0.000000
104.959346 -7.237987 0.000000 0.000000
108.819922 -7.237987 0.000000 0.000000
112.680498 -7.237987 0.000000 0.000000
116.541074 -7.237987 0.000000 0.000000
120.401650 -7.237987 0.000000 0.000000
124.262226 -7.237987 0.000000 0.000000
128.122802 -7.237987 0.000000 0.000000
131.983378 -7.237987 0.000000 0.000000
135.843953 -7.237987 0.000000 0.000000
139.704529 -7.237987 0.000000 0.000000
143.565105 -7.237987 0.000000 0.000000
147.425681 -7.237987 0.000000 0.000000
151.286257 -7.237987 0.000000 0.000000
155.146833 -7.237987 0.000000 0.000000
159.007409 -7.237987 0.000000 0.000000
162.867985 -7.237987 0.000000 0.000000
-30.160811 -11.098563 0.000000 0.000000
-26.300235 -11.098563 0.000000 0.000000
-22.439659 -11.098563 0.000000 0.000000
-18.579083 -11.098563 0.000000 0.000000
-14.718507 -11.098563 0.000000 0.000000
-10.857931 -11.098563 0.000000 0.000000
-6.997355 -11.098563 0.000000 0.000000
-3.136779 -11.098563 0.000000 0.000000
0.723796 -11.098563 0.000000 0.000000
4.584372 -11.098563 0.000000 0.000000
8.444948 -11.098563 0.000000 0.000000
12.305524 -11.098563 0.000000 0.000000
16.166100 -11.098563 0.000000 0.000000
20.026676 -11.098563 0.000000 0.000000
23.887252 -11.098563 0.000000 0.000000
27.747828 -11.098563 0.000000 0.000000
31.608404 -11.098563 0.000000 0.000000
35.468980 -11.098563 0.000000 0.000000
39.329556 -11.098563 0.000000 0.000000
43.190132 -11.098563 0.000000 0.000000
47.050707 -11.098563 0.000000 0.000000
50.911283 -11.098563 0.000000 0.000000
54.771859 -11.098563 0.000000 0.000000
58.632435 -11.098563 0.000000 0.000000
62.493011 -11.098563 0.000000 0.000000
66.353587 -11.098563 0.000000 0.000000
70.214163 -11.098563 0.000000 0.000000
74.074739 -11.098563 0.000000 0.000000
77.935315 -11.098563 0.000000 0.000000
81.795891 -11.098563 0.000000 0.000000
85.656467 -11.098563 0.000000 0.000000
89.517043 -11.098563 0.000000 0.000000
93.377618 -11.098563 0.000000 0.000000
97.238194 -11.098563 0.000000 0.000000
101.098770 -11.098563 0.000000 0.000000
104.959346 -11.098563 0.000000 0.000000
108.819922 -11.098563 0.000000 0.000000
112.680498 -11.098563 0.000000 0.000000
116.541074 -11.098563 0.000000 0.000000
120.401650 -11.098563 0.000000 0.000000
124.262226 -11.098563 0.000000 0.000000
128.122802 -11.098563 0.000000 0.000000
131.983378 -11.098563 0.000000 0.000000
135.843953 -11.098563 0.000000 0.000000
139.704529 -11.098563 0.000000 0.000000
143.565105 -11.098563 0.000000 0.000000
147.425681 -11.098563 0.000000 0.000000
151.286257 -11.098563 0.000000 0.000000
155.146833 -11.098563 0.000000 0.000000
159.007409 -11.098563 0.000000 0.000000
162.867985 -11.098563 0.000000 0.000000
-30.160811 -14.959139 0.000000 0.000000
-26.300235 -14.959139 0.000000 0.000000
-22.439659 -14.959139 0.000000 0.000000
-18.579083 -14.959139 0.000000 0.000000
-14.718507 -14.959139 0.000000 0.000000
-10.857931 -14.959139 0.000000 0.000000
-6.997355 -14.959139 0.000000 0.000000
-3.136779 -14.959139 0.000000 0.000000
0.723796 -14.959139 0.000000 0.000000
4.584372 -14.959139 0.000000 0.000000
8.444948 -14.959139 0.000000 0.000000
12.305524 -14.959139 0.000000 0.000000
16.166100 -14.959139 0.000000 0.000000
20.026676 -14.959139 0.000000 0.000000
23.887252 -14.959139 0.000000 0.000000
27.747828 -14.959139 0.000000 0.000000
31.608404 -14.959139 0.000000 0.000000
35.468980 -14.959139 0.000000 0.000000
39.329556 -14.959139 0.000000 0.000000
43.190132 -14.959139 0.000000 0.000000
47.050707 -14.959139 0.000000 0.000000
50.911283 -14.959139 0.000000 0.000000
54.771859 -14.959139 0.000000 0.000000
58.632435 -14.959139 0.000000 0.000000
62.493011 -14.959139 0.000000 0.000000
66.353587 -14.959139 0.000000 0.000000
70.214163 -14.959139 0.000000 0.000000
74.074739 -14.959139 0.000000 0.000000
77.935315 -14.959139 0.000000 0.000000
81.795891 -14.959139 0.000000 0.000000
85.656467 -14.959139 0.000000 0.000000
89.517043 -14.959139 0.000000 0.000000
93.377618 -14.959139 0.000000 0.000000
97.238194 -14.959139 0.000000 0.000000
101.098770 -14.959139 0.000000 0.000000
104.959346 -14.959139 0.000000 0.000000
108.819922 -14.959139 0.000000 0.000000
112.680498 -14.959139 0.000000 0.000000
116.541074 -14.959139 0.000000 0.000000
120.401650 -14.959139 0.000000 0.000000
124.262226 -14.959139 0.000000 0.000000
128.122802 -14.959139 0.000000 0.000000
131.983378 -14.959139 0.000000 0.000000
135.843953 -14.959139 0.000000 0.000000
139.704529 -14.959139 0.000000 0.000000
143.565105 -14.959139 0.000000 0.000000
147.425681 -14.959139 0.000000 0.000000
151.286257 -14.959139 0.000000 0.000000
155.146833 -14.959139 0.000000 0.000000
159.007409 -14.959139 0.000000 0.000000
162.867985 -14.959139 0.000000 0.000000
-30.160811 -18.819715 0.000000 0.000000
-26.300235 -18.819715 0.000000 0.000000
-22.439659 -18.819715 0.000000 0.000000
-18.579083 -18.819715 0.000000 0.000000
-14.718507 -18.819715 0.000000 0.000000
-10.857931 -18.819715 0.000000 0.000000
-6.997355 -18.819715 0.000000 0.000000
-3.136779 -18.819715 0.000000 0.000000
0.723796 -18.819715 0.000000 0.000000
4.584372 -18.819715 0.000000 0.000000
8.444948 -18.819715 0.000000 0.000000
12.305524 -18.819715 0.000000 0.000000
16.166100 -18.819715 0.000000 0.000000
20.026676 -18.819715 0.000000 0.000000
23.887252 -18.819715 0.000000 0.000000
27.747828 -18.819715 0.000000 0.000000
31.608404 -18.819715 0.000000 0.000000
35.468980 -18.819715 0.000000 0.000000
39.329556 -18.819715 0.000000 0.000000
43.190132 -18.819715 0.000000 0.000000
47.050707 -18.819715 0.000000 0.000000
50.911283 -18.819715 0.000000 0.000000
54.771859 -18.819715 0.000000 0.000000
58.632435 -18.819715 0.000000 0.000000
62.493011 -18.819715 0.000000 0.000000
66.353587 -18.819715 0.000000 0.000000
70.214163 -18.819715 0.000000 0.000000
74.074739 -18.819715 0.000000 0.000000
77.935315 -18.819715 0.000000 0.000000
81.795891 -18.819715 0.000000 0.000000
85.656467 -18.819715 0.000000 0.000000
89.517043 -18.819715 0.000000 0.000000
93.377618 -18.819715 0.000000 0.000000
97.238194 -18.819715 0.000000 0.000000
101.098770 -18.819715 0.000000 0.000000
104.959346 -18.819715 0.000000 0.000000
108.819922 -18.819715 0.000000 0.000000
112.680498 -18.819715 0.000000 0.000000
116.541074 -18.819715 0.000000 0.000000
120.401650 -18.819715 0.000000 0.000000
124.262226 -18.819715 0.000000 0.000000
128.122802 -18.819715 0.000000 0.000000
131.983378 -18.819715 0.000000 0.000000
135.843953 -18.819715 0.000000 0.000000
139.704529 -18.819715 0.000000 0.000000
143.565105 -18.819715 0.000000 0.000000
147.425681 -18.819715 0.000000 0.000000
151.286257 -18.819715 0.000000 0.000000
155.146833 -18.819715 0.000000 0.000000
159.007409 -18.819715 0.000000 0.000000
162.867985 -18.819715 0.000000 0.000000
-30.160811 -22.680291 0.000000 0.000000
-26.300235 -22.680291 0.000000 0.000000
-22.439659 -22.680291 0.000000 0.000000
-18.579083 -22.680291 0.000000 0.000000
-14.718507 -22.680291 0.000000 0.000000
-10.857931 -22.680291 0.000000 0.000000
-6.997355 -22.680291 0.000000 0.000000
-3.136779 -22.680291 0.000000 0.000000
0.723796 -22.680291 0.000000 0.000000
4.584372 -22.680291 0.000000 0.000000
8.444948 -22.680291 0.000000 0.000000
12.305524 -22.680291 0.000000 0.000000
16.166100 -22.680291 0.000000 0.000000
20.026676 -22.680291 0.000000 0.000000
23.887252 -22.680291 0.000000 0.000000
27.747828 -22.680291 0.000000 0.000000
31.608404 -22.680291 0.000000 0.000000
35.468980 -22.680291 0.000000 0.000000
39.329556 -22.680291 0.000000 0.000000
43.190132 -22.680291 0.000000 0.000000
47.050707 -22.680291 0.000000 0.000000
50.911283 -22.680291 0.000000 0.000000
54.771859 -22.680291 0.000000 0.000000
58.632435 -22.680291 0.000000 0.000000
62.493011 -22.680291 0.000000 0.000000
66.353587 -22.680291 0.000000 0.000000
70.214163 -22.680291 0.000000 0.000000
74.074739 -22.680291 0.000000 0.000000
77.935315 -22.680291 0.000000 0.000000
81.795891 -22.680291 0.000000 0.000000
85.656467 -22.680291 0.000000 0.000000
89.517043 -22.680291 0.000000 0.000000
93.377618 -22.680291 0.000000 0.000000
97.238194 -22.680291 0.000000 0.000000
101.098770 -22.680291 0.000000 0.000000
104.959346 -22.680291 0.000000 0.000000
108.819922 -22.680291 0.000000 0.000000
112.680498 -22.680291 0.000000 0.000000
116.541074 -22.680291 0.000000 0.000000
120.401650 -22.680291 0.000000 0.000000
124.262226 -22.680291 0.000000 0.000000
128.122802 -22.680291 0.000000 0.000000
131.983378 -22.680291 0.000000 0.000000
135.843953 -22.680291 0.000000 0.000000
139.704529 -22.680291 0.000000 0.000000
143.565105 -22.680291 0.000000 0.000000
147.425681 -22.680291 0.000000 0.000000
151.286257 -22.680291 0.000000 0.000000
155.146833 -22.680291 0.000000 0.000000
159.007409 -22.680291 0.000000 0.000000
162.867985 -22.680291 0.000000 0.000000
-30.160811 -26.540867 0.000000 0.000000
-26.300235 -26.540867 0.000000 0.000000
-22.439659 -26.540867 0.000000 0.000000
-18.579083 -26.540867 0.000000 0.000000
-14.718507 -26.540867 0.000000 0.000000
-10.857931 -26.540867 0.000000 0.000000
-6.997355 -26.540867 0.000000 0.000000
-3.136779 -26.540867 0.000000 0.000000
0.723796 -26.540867 0.000000 0.000000
4.584372 -26.540867 0.000000 0.000000
8.444948 -26.540867 0.000000 0.000000
12.305524 -26.540867 0.000000 0.000000
16.166100 -26.540867 0.000000 0.000000
20.026676 -26.540867 0.000000 0.000000
23.887252 -26.540867 0.000000 0.000000
27.747828 -26.540867 0.000000 0.000000
31.608404 -26.540867 0.000000 0.000000
35.468980 -26.540867 0.000000 0.000000
39.329556 -26.540867 0.000000 0.000000
43.190132 -26.540867 0.000000 0.000000
47.050707 -26.540867 0.000000 0.000000
50.911283 -26.540867 0.000000 0.000000
54.771859 -26.540867 0.000000 0.000000
58.632435 -26.540867 0.000000 0.000000
62.493011 -26.540867 0.000000 0.000000
66.353587 -26.540867 0.000000 0.000000
70.214163 -26.540867 0.000000 0.000000
74.074739 -26.540867 0.000000 0.000000
77.935315 -26.540867 0.000000 0.000000
81.795891 -26.540867 0.000000 0.000000
85.656467 -26.540867 0.000000 0.000000
89.517043 -26.540867 0.000000 0.000000
93.377618 -26.540867 0.000000 0.000000
97.238194 -26.540867 0.000000 0.000000
101.098770 -26.540867 0.000000 0.000000
104.959346 -26.540867 0.000000 0.000000
108.819922 -26.540867 0.000000 0.000000
112.680498 -26.540867 0.000000 0.000000
116.541074 -26.540867 0.000000 0.000000
120.401650 -26.540867 0.000000 0.000000
124.262226 -26.540867 0.000000 0.000000
128.122802 -26.540867 0.000000 0.000000
131.983378 -26.540867 0.000000 0.000000
135.843953 -26.540867 0.000000 0.000000
139.704529 -26.540867 0.000000 0.000000
143.565105 -26.540867 0.000000 0.000000
147.425681 -26.540867 0.000000 0.000000
151.286257 -26.540867 0.000000 0.000000
155.146833 -26.540867 0.000000 0.000000
159.007409 -26.540867 0.000000 0.000000
162.867985 -26.540867 0.000000 0.000000
-30.160811 -30.401443 0.000000 0.000000
-26.300235 -30.401443 0.000000 0.000000
-22.439659 -30.401443 0.000000 0.000000
-18.579083 -30.401443 0.000000 0.000000
-14.718507 -30.401443 0.000000 0.000000
-10.857931 -30.401443 0.000000 0.000000
-6.997355 -30.401443 0.000000 0.000000
-3.136779 -30.401443 0.000000 0.000000
0.723796 -30.401443 0.000000 0.000000
4.584372 -30.401443 0.000000 0.000000
8.444948 -30.401443 0.000000 0.000000
12.305524 -30.401443 0.000000 0.000000
16.166100 -30.401443 0.000000 0.000000
20.026676 -30.401443 0.000000 0.000000
23.887252 -30.401443 0.000000 0.000000
27.747828 -30.401443 0.000000 0.000000
31.608404 -30.401443 0.000000 0.000000
35.468980 -30.401443 0.000000 0.000000
39.329556 -30.401443 0.000000 0.000000
43.190132 -30.401443 0.000000 0.000000
47.050707 -30.401443 0.000000 0.000000
50.911283 -30.401443 0.000000 0.000000
54.771859 -30.401443 0.000000 0.000000
58.632435 -30.401443 0.000000 0.000000
62.493011 -30.401443 0.000000 0.000000
66.353587 -30.401443 0.000000 0.000000
70.214163 -30.401443 0.000000 0.000000
74.074739 -30.401443 0.000000 0.000000
77.935315 -30.401443 0.000000 0.000000
81.795891 -30.401443 0.000000 0.000000
85.656467 -30.401443 0.000000 0.000000
89.517043 -30.401443 0.000000 0.000000
93.377618 -30.401443 0.000000 0.000000
97.238194 -30.401443 0.000000 0.000000
101.098770 -30.401443 0.000000 0.000000
104.959346 -30.401443 0.000000 0.000000
108.819922 -30.401443 0.000000 0.000000
112.680498 -30.401443 0.000000 0.000000
116.541074 -30.401443 0.000000 0.000000
120.401650 -30.401443 0.000000 0.000000
124.262226 -30.401443 0.000000 0.000000
128.122802 -30.401443 0.000000 0.000000
131.983378 -30.401443 0.000000 0.000000
135.843953 -30.401443 0.000000 0.000000
139.704529 -30.401443 0.000000 0.000000
143.565105 -30.401443 0.000000 0.000000
147.425681 -30.401443 0.000000 0.000000
151.286257 -30.401443 0.000000 0.000000
155.146833 -30.401443 0.000000 0.000000
159.007409 -30.401443 0.000000 0.000000
162.867985 -30.401443 0.000000 0.000000
-30.160811 -34.262019 0.000000 0.000000
-26.300235 -34.262019 0.000000 0.000000
-22.439659 -34.262019 0.000000 0.000000
-18.579083 -34.262019 0.000000 0.000000
-14.718507 -34.262019 0.000000 0.000000
-10.857931 -34.262019 0.000000 0.000000
-6.997355 -34.262019 0.000000 0.000000
-3.136779 -34.262019 0.000000 0.000000
0.723796 -34.262019 0.000000 0.000000
4.584372 -34.262019 0.000000 0.000000
8.444948 -34.262019 0.000000 0.000000
12.305524 -34.262019 0.000000 0.000000
16.166100 -34.262019 0.000000 0.000000
20.026676 -34.262019 0.000000 0.000000
23.887252 -34.262019 0.000000 0.000000
27.747828 -34.262019 0.000000 0.000000
31.608404 -34.262019 0.000000 0.000000
35.468980 -34.262019 0.000000 0.000000
39.329556 -34.262019 0.000000 0.000000
43.190132 -34.262019 0.000000 0.000000
47.050707 -34.262019 0.000000 0.000000
50.911283 -34.262019 0.000000 0.000000
54.771859 -34.262019 0.000000 0.000000
58.632435 -34.262019 0.000000 0.000000
62.493011 -34.262019 0.000000 0.000000
66.353587 -34.262019 0.000000 0.000000
70.214163 -34.262019 0.000000 0.000000
74.074739 -34.262019 0.000000 0.000000
77.935315 -34.262019 0.000000 0.000000
81.795891 -34.262019 0.000000 0.000000
85.656467 -34.262019 0.000000 0.000000
89.517043 -34.262019 0.000000 0.000000
93.377618 -34.262019 0.000000 0.000000
97.238194 -34.262019 0.000000 0.000000
101.098770 -34.262019 0.000000 0.000000
104.959346 -34.262019 0.000000 0.000000
108.819922 -34.262019 0.000000 0.000000
112.680498 -34.262019 0.000000 0.000000
116.541074 -34.262019 0.000000 0.000000
120.401650 -34.262019 0.000000 0.000000
124.262226 -34.262019 0.000000 0.000000
128.122802 -34.262019 0.000000 0.000000
131.983378 -34.262019 0.000000 0.000000
135.843953 -34.262019 0.000000 0.000000
139.704529 -34.262019 0.000000 0.000000
143.565105 -34.262019 0.000000 0.000000
147.425681 -34.262019 0.000000 0.000000
151.286257 -34.262019 0.000000 0.000000
155.146833 -34.262019 0.000000 0.000000
159.007409 -34.262019 0.000000 0.000000
162.867985 -34.262019 0.000000 0.000000
-30.160811 -38.122595 0.000000 0.000000
-26.300235 -38.122595 0.000000 0.000000
-22.439659 -38.122595 0.000000 0.000000
-18.579083 -38.122595 0.000000 0.000000
-14.718507 -38.122595 0.000000 0.000000
-10.857931 -38.122595 0.000000 0.000000
-6.997355 -38.122595 0.000000 0.000000
-3.136779 -38.122595 0.000000 0.000000
0.723796 -38.122595 0.000000 0.000000
4.584372 -38.122595 0.000000 0.000000
8.444948 -38.122595 0.000000 0.000000
12.305524 -38.122595 0.000000 0.000000
16.166100 -38.122595 0.000000 0.000000
20.026676 -38.122595 0.000000 0.000000
23.887252 -38.122595 0.000000 0.000000
27.747828 -38.122595 0.000000 0.000000
31.608404 -38.122595 0.000000 0.000000
35.468980 -38.122595 0.000000 0.000000
39.329556 -38.122595 0.000000 0.000000
43.190132 -38.122595 0.000000 0.000000
47.050707 -38.122595 0.000000 0.000000
50.911283 -38.122595 0.000000 0.000000
54.771859 -38.122595 0.000000 0.000000
58.632435 -38.122595 0.000000 0.000000
62.493011 -38.122595 0.000000 0.000000
66.353587 -38.122595 0.000000 0.000000
70.214163 -38.122595 0.000000 0.000000
74.074739 -38.122595 0.000000 0.000000
77.935315 -38.122595 0.000000 0.000000
81.795891 -38.122595 0.000000 0.000000
85.656467 -38.122595 0.000000 0.000000
89.517043 -38.122595 0.000000 0.000000
93.377618 -38.122595 0.000000 0.000000
97.238194 -38.122595 0.000000 0.000000
101.098770 -38.122595 0.000000 0.000000
104.959346 -38.122595 0.000000 0.000000
108.819922 -38.122595 0.000000 0.000000
112.680498 -38.122595 0.000000 0.000000
116.541074 -38.122595 0.000000 0.000000
120.401650 -38.122595 0.000000 0.000000
124.262226 -38.122595 0.000000 0.000000
128.122802 -38.122595 0.000000 0.000000
131.983378 -38.122595 0.000000 0.000000
135.843953 -38.122595 0.000000 0.000000
139.704529 -38.122595 0.000000 0.000000
143.565105 -38.122595 0.000000 0.000000
147.425681 -38.122595 0.000000 0.000000
151.286257 -38.122595 0.000000 0.000000
155.146833 -38.122595 0.000000 0.000000
159.007409 -38.122595 0.000000 0.000000
162.867985 -38.122595 0.000000 0.000000
-30.160811 -41.983171 0.000000 0.000000
-26.300235 -41.983171 0.000000 0.000000
-22.439659 -41.983171 0.000000 0.000000
-18.579083 -41.983171 0.000000 0.000000
-14.718507 -41.983171 0.000000 0.000000
-10.857931 -41.983171 0.000000 0.000000
-6.997355 -41.983171 0.000000 0.000000
-3.136779 -41.983171 0.000000 0.000000
0.723796 -41.983171 0.000000 0.000000
4.584372 -41.983171 0.000000 0.000000
8.444948 -41.983171 0.000000 0.000000
12.305524 -41.983171 0.000000 0.000000
16.166100 -41.983171 0.000000 0.000000
20.026676 -41.983171 0.000000 0.000000
23.887252 -41.983171 0.000000 0.000000
27.747828 -41.983171 0.000000 0.000000
31.608404 -41.983171 0.000000 0.000000
35.468980 -41.983171 0.000000 0.000000
39.329556 -41.983171 0.000000 0.000000
43.190132 -41.983171 0.000000 0.000000
47.050707 -41.983171 0.000000 0.000000
50.911283 -41.983171 0.000000 0.000000
54.771859 -41.983171 0.000000 0.000000
58.632435 -41.983171 0.000000 0.000000
62.493011 -41.983171 0.000000 0.000000
66.353587 -41.983171 0.000000 0.000000
70.214163 -41.983171 0.000000 0.000000
74.074739 -41.983171 0.000000 0.000000
77.935315 -41.983171 0.000000 0.000000
81.795891 -41.983171 0.000000 0.000000
85.656467 -41.983171 0.000000 0.000000
89.517043 -41.983171 0.000000 0.000000
93.377618 -41.983171 0.000000 0.000000
97.238194 -41.983171 0.000000 0.000000
101.098770 -41.983171 0.000000 0.000000
104.959346 -41.983171 0.000000 0.000000
108.819922 -41.983171 0.000000 0.000000
112.680498 -41.983171 0.000000 0.000000
116.541074 -41.983171 0.000000 0.000000
120.401650 -41.983171 0.000000 0.000000
124.262226 -41.983171 0.000000 0.000000
128.122802 -41.983171 0.000000 0.000000
131.983378 -41.983171 0.000000 0.000000
135.843953 -41.983171 0.000000 0.000000
139.704529 -41.983171 0.000000 0.000000
143.565105 -41.983171 0.000000 0.000000
147.425681 -41.983171 0.000000 0.000000
151.286257 -41.983171 0.000000 0.000000
155.146833 -41.983171 0.000000 0.000000
159.007409 -41.983171 0.000000 0.000000
162.867985 -41.983171 0.000000 0.000000
