TITLE = "B00001"
VARIABLES = "position", "position(2)", "Vx", "Vy"
ZONE T="Frame 0", I=51, J=39
-30.160811 104.718714 10.360011 0.639947
-26.300235 104.718714 10.051709 0.320919
-22.439659 104.718714 10.153561 0.649025
-18.579083 104.718714 10.423005 0.788825
-14.718507 104.718714 10.636364 0.328184
-10.857931 104.718714 0.000000 0.000000
-6.997355 104.718714 0.000000 0.000000
-3.136779 104.718714 0.000000 0.000000
0.723796 104.718714 0.000000 0.000000
4.584372 104.718714 0.000000 0.000000
8.444948 104.718714 10.529984 0.324547
12.305524 104.718714 10.158881 0.038265
16.166100 104.718714 10.356823 0.427120
20.026676 104.718714 10.521623 0.730241
23.887252 104.718714 10.158072 0.407519
27.747828 104.718714 10.481526 0.191852
31.608404 104.718714 10.552568 -0.242577
35.468980 104.718714 10.835057 0.000175
39.329556 104.718714 10.833839 -0.188909
43.190132 104.718714 10.006175 -0.587304
47.050707 104.718714 10.498020 -0.020834
50.911283 104.718714 10.479783 0.088538
54.771859 104.718714 10.572357 0.223002
58.632435 104.718714 10.463176 -0.823444
62.493011 104.718714 10.432942 -0.417007
66.353587 104.718714 10.409027 -0.522500
70.214163 104.718714 10.043766 -0.184559
74.074739 104.718714 10.539345 0.104808
77.935315 104.718714 10.060229 -0.488735
81.795891 104.718714 0.000000 0.000000
85.656467 104.718714 0.000000 0.000000
89.517043 104.718714 0.000000 0.000000
93.377618 104.718714 0.000000 0.000000
97.238194 104.718714 10.179094 -0.240231
101.098770 104.718714 10.240493 -0.344806
104.959346 104.718714 10.144044 -0.451599
108.819922 104.718714 9.689581 -0.219182
112.680498 104.718714 10.146376 0.303012
116.541074 104.718714 10.359124 -0.604485
120.401650 104.718714 10.074542 0.277986
124.262226 104.718714 10.134478 -0.006889
128.122802 104.718714 10.374839 -0.049628
131.983378 104.718714 9.974682 -0.041054
135.843953 104.718714 10.131127 0.205129
139.704529 104.718714 9.922585 -0.213664
143.565105 104.718714 9.937693 0.397591
147.425681 104.718714 10.290169 0.223843
151.286257 104.718714 9.976933 -0.010843
155.146833 104.718714 10.124690 -0.178215
159.007409 104.718714 10.242558 -0.689070
162.867985 104.718714 9.878846 -0.354719
-30.160811 100.858138 10.730678 0.267111
-26.300235 100.858138 10.391882 0.690162
-22.439659 100.858138 0.000000 0.000000
-18.579083 100.858138 10.223327 0.782595
-14.718507 100.858138 10.326295 1.015993
-10.857931 100.858138 0.000000 0.000000
-6.997355 100.858138 0.000000 0.000000
-3.136779 100.858138 0.000000 0.000000
0.723796 100.858138 0.000000 0.000000
4.584372 100.858138 0.000000 0.000000
8.444948 100.858138 10.140586 0.653067
12.305524 100.858138 10.543820 0.276752
16.166100 100.858138 10.210677 0.478687
20.026676 100.858138 10.258834 0.271671
23.887252 100.858138 10.455110 0.037972
27.747828 100.858138 9.931979 0.382642
31.608404 100.858138 10.711452 -0.234155
35.468980 100.858138 0.000000 0.000000
39.329556 100.858138 10.683088 -0.144818
43.190132 100.858138 10.405965 0.133340
47.050707 100.858138 10.347756 0.394454
50.911283 100.858138 10.440447 -0.093069
54.771859 100.858138 10.122847 0.321835
58.632435 100.858138 10.715543 -0.113281
62.493011 100.858138 10.683064 0.534186
66.353587 100.858138 10.177210 0.066431
70.214163 100.858138 10.606944 0.317311
74.074739 100.858138 10.042367 -0.397936
77.935315 100.858138 9.825651 0.367020
81.795891 100.858138 10.476743 -0.416408
85.656467 100.858138 0.000000 0.000000
89.517043 100.858138 0.000000 0.000000
93.377618 100.858138 0.000000 0.000000
97.238194 100.858138 10.131977 -0.421109
101.098770 100.858138 10.060588 0.121953
104.959346 100.858138 10.227935 -0.566484
108.819922 100.858138 9.825449 -0.440788
112.680498 100.858138 10.041100 -0.094031
116.541074 100.858138 9.976891 -0.405336
120.401650 100.858138 10.370749 -0.321741
124.262226 100.858138 9.959126 -0.213206
128.122802 100.858138 10.213420 -0.193257
131.983378 100.858138 10.044772 -0.201637
135.843953 100.858138 10.165564 0.109254
139.704529 100.858138 10.339737 -0.192132
143.565105 100.858138 9.954552 -0.080605
147.425681 100.858138 10.119699 -0.427629
151.286257 100.858138 10.216359 -0.083676
155.146833 100.858138 10.210720 -0.248096
159.007409 100.858138 10.031487 0.174327
162.867985 100.858138 9.957607 0.059619
-30.160811 96.997562 10.433287 0.443771
-26.300235 96.997562 10.495381 0.409652
-22.439659 96.997562 10.803625 0.490289
-18.579083 96.997562 10.534021 0.879612
-14.718507 96.997562 10.711563 0.342861
-10.857931 96.997562 0.000000 0.000000
-6.997355 96.997562 0.000000 0.000000
-3.136779 96.997562 0.000000 0.000000
0.723796 96.997562 0.000000 0.000000
4.584372 96.997562 0.000000 0.000000
8.444948 96.997562 10.438275 0.169077
12.305524 96.997562 10.477595 0.018498
16.166100 96.997562 10.730653 0.565602
20.026676 96.997562 10.651416 0.201522
23.887252 96.997562 10.554243 -0.315377
27.747828 96.997562 10.260313 0.593891
31.608404 96.997562 10.878520 0.044083
35.468980 96.997562 11.240149 0.091095
39.329556 96.997562 10.430240 0.283968
43.190132 96.997562 10.636250 0.288755
47.050707 96.997562 10.366733 0.193989
50.911283 96.997562 10.625494 -0.366852
54.771859 96.997562 10.729579 0.104253
58.632435 96.997562 10.438808 -0.092474
62.493011 96.997562 10.671230 -0.590472
66.353587 96.997562 10.373676 -0.280765
70.214163 96.997562 10.026382 -0.108020
74.074739 96.997562 10.524335 -0.267891
77.935315 96.997562 10.407032 0.084066
81.795891 96.997562 10.295712 -0.203882
85.656467 96.997562 0.000000 0.000000
89.517043 96.997562 0.000000 0.000000
93.377618 96.997562 0.000000 0.000000
97.238194 96.997562 9.913880 0.163469
101.098770 96.997562 10.180079 -0.510370
104.959346 96.997562 10.273699 -0.351618
108.819922 96.997562 10.229482 -0.626036
112.680498 96.997562 10.313201 -0.254587
116.541074 96.997562 9.829266 -0.395456
120.401650 96.997562 10.225296 -0.301237
124.262226 96.997562 10.136401 -0.175058
128.122802 96.997562 10.400684 -0.164687
131.983378 96.997562 9.923643 -0.060999
135.843953 96.997562 10.162020 -0.545713
139.704529 96.997562 9.939766 -0.010139
143.565105 96.997562 9.524084 -0.419447
147.425681 96.997562 10.155004 0.027644
151.286257 96.997562 9.783514 -0.122006
155.146833 96.997562 9.949796 0.034439
159.007409 96.997562 9.891057 -0.143992
162.867985 96.997562 10.257886 -0.339883
-30.160811 93.136986 0.000000 0.000000
-26.300235 93.136986 10.458626 0.241544
-22.439659 93.136986 10.128872 0.655842
-18.579083 93.136986 10.565939 0.203408
-14.718507 93.136986 10.603937 0.752483
-10.857931 93.136986 0.000000 0.000000
-6.997355 93.136986 0.000000 0.000000
-3.136779 93.136986 0.000000 0.000000
0.723796 93.136986 0.000000 0.000000
4.584372 93.136986 0.000000 0.000000
8.444948 93.136986 10.378137 0.527252
12.305524 93.136986 10.318855 0.572016
16.166100 93.136986 10.426184 0.247897
20.026676 93.136986 10.104444 0.490591
23.887252 93.136986 10.751927 0.191100
27.747828 93.136986 10.522878 0.239068
31.608404 93.136986 10.525111 -0.066714
35.468980 93.136986 10.456800 -0.089369
39.329556 93.136986 10.481563 0.145976
43.190132 93.136986 10.323421 0.336405
47.050707 93.136986 10.494295 -0.062684
50.911283 93.136986 10.331717 0.015453
54.771859 93.136986 10.481483 -0.355535
58.632435 93.136986 10.539850 -0.500274
62.493011 93.136986 10.489890 -0.279483
66.353587 93.136986 10.384092 0.164944
70.214163 93.136986 10.289683 -0.276428
74.074739 93.136986 10.516708 -0.518545
77.935315 93.136986 10.368359 0.056996
81.795891 93.136986 10.325412 -0.315716
85.656467 93.136986 0.000000 0.000000
89.517043 93.136986 0.000000 0.000000
93.377618 93.136986 0.000000 0.000000
97.238194 93.136986 10.222851 -0.345195
101.098770 93.136986 10.489193 -0.389060
104.959346 93.136986 10.173721 -0.012874
108.819922 93.136986 10.069624 -0.269625
112.680498 93.136986 9.906953 -0.224047
116.541074 93.136986 10.247211 -0.007626
120.401650 93.136986 10.386237 0.243146
124.262226 93.136986 10.134667 -0.516491
128.122802 93.136986 10.128133 -0.398091
131.983378 93.136986 10.155015 -0.359939
135.843953 93.136986 10.038768 -0.011084
139.704529 93.136986 10.287336 -0.261576
143.565105 93.136986 10.102318 -0.127394
147.425681 93.136986 9.952180 -0.081538
151.286257 93.136986 10.020237 -0.158417
155.146833 93.136986 9.902032 -0.170827
159.007409 93.136986 10.136779 -0.062270
162.867985 93.136986 10.071679 -0.352683
-30.160811 89.276410 10.771646 0.627034
-26.300235 89.276410 10.500895 0.455535
-22.439659 89.276410 10.565417 0.667274
-18.579083 89.276410 10.577595 0.915243
-14.718507 89.276410 9.960891 1.016567
-10.857931 89.276410 0.000000 0.000000
-6.997355 89.276410 0.000000 0.000000
-3.136779 89.276410 0.000000 0.000000
0.723796 89.276410 0.000000 0.000000
4.584372 89.276410 0.000000 0.000000
8.444948 89.276410 10.576128 0.272168
12.305524 89.276410 10.609432 0.373937
16.166100 89.276410 10.574520 0.217751
20.026676 89.276410 10.493166 0.168345
23.887252 89.276410 10.518181 -0.082139
27.747828 89.276410 10.295274 0.318952
31.608404 89.276410 10.692891 0.016367
35.468980 89.276410 10.299253 0.010267
39.329556 89.276410 10.434676 0.471959
43.190132 89.276410 10.450446 0.058319
47.050707 89.276410 10.248826 0.261981
50.911283 89.276410 10.270699 -0.009902
54.771859 89.276410 10.548914 0.087265
58.632435 89.276410 10.257168 -0.322855
62.493011 89.276410 10.728462 -0.039347
66.353587 89.276410 10.291018 -0.496853
70.214163 89.276410 9.770039 -0.384245
74.074739 89.276410 10.296062 -0.397588
77.935315 89.276410 10.562055 -0.514072
81.795891 89.276410 10.385071 -0.023284
85.656467 89.276410 0.000000 0.000000
89.517043 89.276410 0.000000 0.000000
93.377618 89.276410 10.270039 -0.225515
97.238194 89.276410 9.842550 -0.408727
101.098770 89.276410 10.040729 -0.139008
104.959346 89.276410 9.964514 -0.366332
108.819922 89.276410 10.051203 -0.148191
112.680498 89.276410 10.212626 -0.372683
116.541074 89.276410 10.202261 -0.428293
120.401650 89.276410 10.145906 -0.146936
124.262226 89.276410 9.749550 -0.234575
128.122802 89.276410 10.008547 -0.043446
131.983378 89.276410 10.032002 -0.083414
135.843953 89.276410 10.232331 -0.043809
139.704529 89.276410 9.916305 -0.266652
143.565105 89.276410 9.764105 -0.169458
147.425681 89.276410 10.097470 -0.014211
151.286257 89.276410 9.854408 -0.185993
155.146833 89.276410 9.832911 0.226294
159.007409 89.276410 10.107042 -0.150351
162.867985 89.276410 9.816914 -0.499177
-30.160811 85.415835 10.672083 0.028694
-26.300235 85.415835 10.438787 0.685143
-22.439659 85.415835 10.077221 0.898187
-18.579083 85.415835 10.545137 0.439036
-14.718507 85.415835 10.413739 0.443499
-10.857931 85.415835 0.000000 0.000000
-6.997355 85.415835 0.000000 0.000000
-3.136779 85.415835 0.000000 0.000000
0.723796 85.415835 0.000000 0.000000
4.584372 85.415835 0.000000 0.000000
8.444948 85.415835 10.632845 0.390613
12.305524 85.415835 10.500843 0.704157
16.166100 85.415835 10.691752 0.184548
20.026676 85.415835 10.774843 -0.477564
23.887252 85.415835 10.567716 0.356113
27.747828 85.415835 10.296053 0.269590
31.608404 85.415835 10.410978 0.118763
35.468980 85.415835 10.532181 -0.215275
39.329556 85.415835 10.314115 0.419451
43.190132 85.415835 10.678587 -0.232156
47.050707 85.415835 10.504077 0.150899
50.911283 85.415835 10.813857 -0.058656
54.771859 85.415835 10.369288 -0.093151
58.632435 85.415835 10.613564 -0.146930
62.493011 85.415835 10.711809 -0.252227
66.353587 85.415835 10.698299 -0.337059
70.214163 85.415835 10.597920 -0.445808
74.074739 85.415835 10.424891 -0.463920
77.935315 85.415835 10.380429 -0.207321
81.795891 85.415835 10.563665 -0.370892
85.656467 85.415835 0.000000 0.000000
89.517043 85.415835 0.000000 0.000000
93.377618 85.415835 10.094604 -0.229833
97.238194 85.415835 10.226067 0.101220
101.098770 85.415835 10.015355 -0.404131
104.959346 85.415835 10.135352 -0.296252
108.819922 85.415835 10.255078 -0.535102
112.680498 85.415835 10.182193 -0.285361
116.541074 85.415835 10.063009 -0.258545
120.401650 85.415835 10.074088 -0.152273
124.262226 85.415835 10.057928 -0.066424
128.122802 85.415835 9.943706 0.024318
131.983378 85.415835 10.040020 -0.345967
135.843953 85.415835 9.778114 -0.260778
139.704529 85.415835 10.116600 -0.207218
143.565105 85.415835 9.936229 -0.318520
147.425681 85.415835 9.997558 -0.200602
151.286257 85.415835 10.177597 0.018829
155.146833 85.415835 10.004629 -0.182933
159.007409 85.415835 10.018736 -0.107730
162.867985 85.415835 9.928979 -0.038970
-30.160811 81.555259 9.713709 0.640000
-26.300235 81.555259 10.148216 0.770344
-22.439659 81.555259 9.803785 0.808264
-18.579083 81.555259 10.508728 0.014940
-14.718507 81.555259 10.263804 0.599208
-10.857931 81.555259 0.000000 0.000000
-6.997355 81.555259 0.000000 0.000000
-3.136779 81.555259 0.000000 0.000000
0.723796 81.555259 0.000000 0.000000
4.584372 81.555259 0.000000 0.000000
8.444948 81.555259 10.654039 0.704662
12.305524 81.555259 10.578429 0.422127
16.166100 81.555259 10.827332 0.480984
20.026676 81.555259 10.762997 -0.041337
23.887252 81.555259 10.690252 0.278710
27.747828 81.555259 10.795761 0.140723
31.608404 81.555259 10.757990 -0.591738
35.468980 81.555259 10.666358 -0.057197
39.329556 81.555259 10.956570 0.047028
43.190132 81.555259 10.363864 -0.390563
47.050707 81.555259 10.788254 -0.047272
50.911283 81.555259 10.481870 -0.081655
54.771859 81.555259 10.552267 -0.352602
58.632435 81.555259 10.421919 0.100915
62.493011 81.555259 10.686899 -0.623451
66.353587 81.555259 10.592705 -0.093427
70.214163 81.555259 10.456279 0.021314
74.074739 81.555259 9.601029 -0.851799
77.935315 81.555259 10.324117 -0.427749
81.795891 81.555259 10.234657 -0.616462
85.656467 81.555259 0.000000 0.000000
89.517043 81.555259 0.000000 0.000000
93.377618 81.555259 10.021863 -0.273692
97.238194 81.555259 10.211855 -0.162206
101.098770 81.555259 10.183518 -0.291065
104.959346 81.555259 10.018531 -0.307557
108.819922 81.555259 9.932563 -0.346717
112.680498 81.555259 10.030278 -0.315177
116.541074 81.555259 10.294875 -0.389310
120.401650 81.555259 9.932590 -0.253748
124.262226 81.555259 10.224008 -0.255972
128.122802 81.555259 10.045607 -0.101746
131.983378 81.555259 10.293807 -0.454191
135.843953 81.555259 9.971362 -0.274204
139.704529 81.555259 10.045607 0.044756
143.565105 81.555259 10.255308 -0.203053
147.425681 81.555259 10.317760 -0.315832
151.286257 81.555259 10.321620 -0.074239
155.146833 81.555259 10.081034 -0.363572
159.007409 81.555259 9.784204 0.131401
162.867985 81.555259 9.910048 -0.247449
-30.160811 77.694683 10.492510 0.533502
-26.300235 77.694683 10.040824 0.602286
-22.439659 77.694683 9.499325 0.836920
-18.579083 77.694683 10.423686 0.552903
-14.718507 77.694683 10.372439 0.932839
-10.857931 77.694683 0.000000 0.000000
-6.997355 77.694683 0.000000 0.000000
-3.136779 77.694683 0.000000 0.000000
0.723796 77.694683 0.000000 0.000000
4.584372 77.694683 0.000000 0.000000
8.444948 77.694683 10.808899 0.526660
12.305524 77.694683 10.663483 0.344289
16.166100 77.694683 10.715591 0.108246
20.026676 77.694683 11.156568 0.526401
23.887252 77.694683 11.053841 0.205167
27.747828 77.694683 10.658985 0.200941
31.608404 77.694683 10.627586 -0.025033
35.468980 77.694683 10.803183 -0.159747
39.329556 77.694683 10.656178 -0.198954
43.190132 77.694683 10.786557 -0.033168
47.050707 77.694683 10.410291 -0.213091
50.911283 77.694683 10.485898 -0.097047
54.771859 77.694683 10.572861 -0.026590
58.632435 77.694683 10.517009 -0.196566
62.493011 77.694683 10.530416 -0.356609
66.353587 77.694683 10.545279 0.040247
70.214163 77.694683 10.596166 -0.510560
74.074739 77.694683 10.201767 -0.315022
77.935315 77.694683 10.205102 -0.373919
81.795891 77.694683 10.340703 -0.190472
85.656467 77.694683 0.000000 0.000000
89.517043 77.694683 0.000000 0.000000
93.377618 77.694683 10.413641 -0.347731
97.238194 77.694683 10.158283 -0.494075
101.098770 77.694683 9.991329 -0.434086
104.959346 77.694683 10.087183 -0.312532
108.819922 77.694683 10.153509 -0.221589
112.680498 77.694683 9.914762 -0.321904
116.541074 77.694683 10.264387 -0.100962
120.401650 77.694683 10.226229 -0.024632
124.262226 77.694683 10.066105 -0.311727
128.122802 77.694683 9.838771 -0.157019
131.983378 77.694683 10.036645 -0.117358
135.843953 77.694683 10.181190 -0.236707
139.704529 77.694683 9.934529 0.203190
143.565105 77.694683 10.097504 -0.196287
147.425681 77.694683 10.000936 -0.110436
151.286257 77.694683 9.885566 0.049654
155.146833 77.694683 9.916397 -0.245126
159.007409 77.694683 9.748927 -0.158931
162.867985 77.694683 10.017865 -0.020262
-30.160811 73.834107 10.107107 1.016918
-26.300235 73.834107 9.899037 0.879762
-22.439659 73.834107 9.931277 0.981940
-18.579083 73.834107 10.634677 0.936169
-14.718507 73.834107 10.340988 1.083780
-10.857931 73.834107 0.000000 0.000000
-6.997355 73.834107 0.000000 0.000000
-3.136779 73.834107 0.000000 0.000000
0.723796 73.834107 0.000000 0.000000
4.584372 73.834107 0.000000 0.000000
8.444948 73.834107 10.999772 0.668488
12.305524 73.834107 10.784339 0.371943
16.166100 73.834107 10.673507 0.377909
20.026676 73.834107 11.075054 0.167001
23.887252 73.834107 10.981780 0.116330
27.747828 73.834107 10.729254 0.349988
31.608404 73.834107 10.672549 -0.285211
35.468980 73.834107 10.731595 0.398579
39.329556 73.834107 10.629089 0.036029
43.190132 73.834107 10.684665 -0.153522
47.050707 73.834107 10.934765 -0.363027
50.911283 73.834107 10.585710 -0.348603
54.771859 73.834107 10.759220 0.196113
58.632435 73.834107 10.387584 -0.238527
62.493011 73.834107 10.560545 -0.510971
66.353587 73.834107 10.543459 -0.377960
70.214163 73.834107 10.591852 -0.437024
74.074739 73.834107 10.318306 -0.520067
77.935315 73.834107 10.378690 -0.512475
81.795891 73.834107 10.294641 -0.603171
85.656467 73.834107 0.000000 0.000000
89.517043 73.834107 0.000000 0.000000
93.377618 73.834107 10.164472 -0.382042
97.238194 73.834107 10.230518 -0.390014
101.098770 73.834107 10.103032 -0.550191
104.959346 73.834107 9.920606 -0.602658
108.819922 73.834107 10.136539 -0.338217
112.680498 73.834107 10.172350 -0.347549
116.541074 73.834107 10.031349 -0.204455
120.401650 73.834107 10.172546 -0.209163
124.262226 73.834107 10.087379 -0.150593
128.122802 73.834107 9.959535 -0.267264
131.983378 73.834107 9.961492 0.013791
135.843953 73.834107 9.911770 0.210210
139.704529 73.834107 10.141025 -0.155668
143.565105 73.834107 10.016217 -0.192763
147.425681 73.834107 9.778163 -0.191548
151.286257 73.834107 9.944007 -0.031517
155.146833 73.834107 9.841612 0.115012
159.007409 73.834107 10.135671 0.136719
162.867985 73.834107 10.051719 0.020407
-30.160811 69.973531 9.801088 0.855820
-26.300235 69.973531 10.257291 0.648022
-22.439659 69.973531 10.314996 0.778899
-18.579083 69.973531 10.314857 1.019643
-14.718507 69.973531 10.204065 0.977848
-10.857931 69.973531 0.000000 0.000000
-6.997355 69.973531 0.000000 0.000000
-3.136779 69.973531 0.000000 0.000000
0.723796 69.973531 0.000000 0.000000
4.584372 69.973531 10.876901 0.835888
8.444948 69.973531 10.982928 0.659271
12.305524 69.973531 10.969824 0.437232
16.166100 69.973531 11.078518 0.408409
20.026676 69.973531 11.039825 0.700609
23.887252 69.973531 10.584124 0.389444
27.747828 69.973531 11.153254 0.161204
31.608404 69.973531 10.895376 0.260252
35.468980 69.973531 10.861228 -0.264052
39.329556 69.973531 10.782900 -0.156443
43.190132 69.973531 10.805509 -0.055158
47.050707 69.973531 10.716690 -0.394130
50.911283 69.973531 10.553179 -0.320479
54.771859 69.973531 10.983839 -0.299576
58.632435 69.973531 10.640936 -0.612602
62.493011 69.973531 10.850698 -0.394256
66.353587 69.973531 10.650526 -0.481872
70.214163 69.973531 10.530397 -0.318736
74.074739 69.973531 10.277064 -0.671906
77.935315 69.973531 10.485938 -0.648583
81.795891 69.973531 10.310743 -0.431727
85.656467 69.973531 0.000000 0.000000
89.517043 69.973531 0.000000 0.000000
93.377618 69.973531 10.103155 -0.385944
97.238194 69.973531 10.323466 -0.717728
101.098770 69.973531 10.035059 -0.308716
104.959346 69.973531 10.071366 -0.338690
108.819922 69.973531 9.963587 -0.331748
112.680498 69.973531 9.996078 -0.221710
116.541074 69.973531 9.920600 -0.215619
120.401650 69.973531 9.874210 -0.416940
124.262226 69.973531 9.961995 -0.173277
128.122802 69.973531 9.951794 -0.162798
131.983378 69.973531 9.892385 -0.319847
135.843953 69.973531 9.866691 0.207034
139.704529 69.973531 9.807163 -0.200283
143.565105 69.973531 10.047300 0.051280
147.425681 69.973531 10.151137 -0.154097
151.286257 69.973531 10.199564 0.026895
155.146833 69.973531 10.060880 -0.269648
159.007409 69.973531 9.925957 -0.378558
162.867985 69.973531 9.971708 -0.126714
-30.160811 66.112955 9.920214 0.904687
-26.300235 66.112955 10.128387 1.036003
-22.439659 66.112955 10.324497 0.776051
-18.579083 66.112955 10.083541 1.036700
-14.718507 66.112955 10.159670 0.995278
-10.857931 66.112955 0.000000 0.000000
-6.997355 66.112955 0.000000 0.000000
-3.136779 66.112955 0.000000 0.000000
0.723796 66.112955 0.000000 0.000000
4.584372 66.112955 10.796121 0.598805
8.444948 66.112955 11.102995 0.711464
12.305524 66.112955 11.172804 0.269228
16.166100 66.112955 11.185165 0.320887
20.026676 66.112955 11.232997 0.073754
23.887252 66.112955 11.017518 0.029745
27.747828 66.112955 11.116314 0.121957
31.608404 66.112955 10.928135 0.146548
35.468980 66.112955 10.969811 -0.140119
39.329556 66.112955 11.017591 0.226701
43.190132 66.112955 10.436320 -0.273606
47.050707 66.112955 11.072468 -0.267796
50.911283 66.112955 10.645004 -0.732428
54.771859 66.112955 10.717381 -0.363184
58.632435 66.112955 10.786649 -0.353378
62.493011 66.112955 10.614915 -0.599911
66.353587 66.112955 10.148314 -0.627223
70.214163 66.112955 10.879671 -0.388341
74.074739 66.112955 10.251234 -0.505588
77.935315 66.112955 10.125052 -0.690109
81.795891 66.112955 10.404093 -0.453032
85.656467 66.112955 10.137800 -0.787835
89.517043 66.112955 0.000000 0.000000
93.377618 66.112955 10.035439 -0.545027
97.238194 66.112955 9.923275 -0.368056
101.098770 66.112955 9.903136 -0.325856
104.959346 66.112955 9.953655 -0.483878
108.819922 66.112955 10.068010 -0.515394
112.680498 66.112955 10.005212 -0.497561
116.541074 66.112955 10.027170 -0.280498
120.401650 66.112955 9.962427 -0.441028
124.262226 66.112955 9.764863 -0.253297
128.122802 66.112955 9.999119 -0.300665
131.983378 66.112955 9.742408 -0.317934
135.843953 66.112955 10.059846 -0.086088
139.704529 66.112955 10.092999 -0.206873
143.565105 66.112955 9.919799 -0.068258
147.425681 66.112955 10.024311 0.030015
151.286257 66.112955 10.180285 0.066906
155.146833 66.112955 9.953447 -0.193961
159.007409 66.112955 9.821693 0.262574
162.867985 66.112955 10.048006 -0.144884
-30.160811 62.252379 9.868059 0.632385
-26.300235 62.252379 10.246016 0.853184
-22.439659 62.252379 10.022335 0.846270
-18.579083 62.252379 10.445271 0.806555
-14.718507 62.252379 10.385651 0.979017
-10.857931 62.252379 0.000000 0.000000
-6.997355 62.252379 0.000000 0.000000
-3.136779 62.252379 0.000000 0.000000
0.723796 62.252379 0.000000 0.000000
4.584372 62.252379 11.064803 0.674185
8.444948 62.252379 11.140656 0.712638
12.305524 62.252379 11.242563 0.611884
16.166100 62.252379 11.421572 0.462471
20.026676 62.252379 11.414996 0.022271
23.887252 62.252379 11.059093 -0.138115
27.747828 62.252379 11.301480 -0.103947
31.608404 62.252379 10.984867 -0.045951
35.468980 62.252379 11.088357 -0.173425
39.329556 62.252379 10.574511 -0.369318
43.190132 62.252379 10.836542 -0.437967
47.050707 62.252379 11.014370 -0.490883
50.911283 62.252379 10.859385 -0.380575
54.771859 62.252379 10.731749 -0.465264
58.632435 62.252379 10.751820 -0.743018
62.493011 62.252379 10.436330 -0.597061
66.353587 62.252379 10.722065 -0.755025
70.214163 62.252379 0.000000 0.000000
74.074739 62.252379 10.491614 -0.554061
77.935315 62.252379 10.181352 -0.929760
81.795891 62.252379 10.360271 -0.483051
85.656467 62.252379 10.238041 -0.335154
89.517043 62.252379 0.000000 0.000000
93.377618 62.252379 9.945719 -0.627097
97.238194 62.252379 9.939171 -0.613843
101.098770 62.252379 10.064880 -0.345277
104.959346 62.252379 10.110160 -0.228690
108.819922 62.252379 9.840108 -0.308174
112.680498 62.252379 9.932670 -0.103087
116.541074 62.252379 9.890698 -0.239505
120.401650 62.252379 9.868264 -0.233737
124.262226 62.252379 9.905299 -0.221331
128.122802 62.252379 9.965305 -0.212199
131.983378 62.252379 10.036884 -0.263615
135.843953 62.252379 9.965612 -0.240553
139.704529 62.252379 10.116394 -0.186462
143.565105 62.252379 10.157789 -0.243207
147.425681 62.252379 10.092604 -0.134280
151.286257 62.252379 10.107521 -0.330315
155.146833 62.252379 9.970972 -0.201628
159.007409 62.252379 9.659305 -0.185079
162.867985 62.252379 9.778206 0.045044
-30.160811 58.391803 10.314434 0.581347
-26.300235 58.391803 10.042760 1.235383
-22.439659 58.391803 9.840636 1.134902
-18.579083 58.391803 9.947793 0.855308
-14.718507 58.391803 9.987672 1.410024
-10.857931 58.391803 0.000000 0.000000
-6.997355 58.391803 0.000000 0.000000
-3.136779 58.391803 0.000000 0.000000
0.723796 58.391803 10.865048 1.251001
4.584372 58.391803 11.194449 1.063293
8.444948 58.391803 10.973880 0.995133
12.305524 58.391803 11.161633 0.413847
16.166100 58.391803 11.612018 0.136738
20.026676 58.391803 11.489156 0.110987
23.887252 58.391803 11.334400 0.056610
27.747828 58.391803 11.421471 -0.287161
31.608404 58.391803 11.453152 0.068733
35.468980 58.391803 11.114077 -0.121446
39.329556 58.391803 10.933771 -0.017582
43.190132 58.391803 11.025780 -0.378179
47.050707 58.391803 11.034073 -0.402696
50.911283 58.391803 10.887065 -0.486830
54.771859 58.391803 10.922302 -0.338559
58.632435 58.391803 10.749715 -0.383866
62.493011 58.391803 10.674004 -0.749653
66.353587 58.391803 11.049073 -0.461423
70.214163 58.391803 10.539010 -0.535521
74.074739 58.391803 10.675942 -0.678801
77.935315 58.391803 10.261678 -0.672332
81.795891 58.391803 9.941331 -0.814990
85.656467 58.391803 10.344293 -0.747678
89.517043 58.391803 0.000000 0.000000
93.377618 58.391803 10.012290 -0.638926
97.238194 58.391803 10.152628 -0.456451
101.098770 58.391803 9.978431 -0.424830
104.959346 58.391803 9.994618 -0.461928
108.819922 58.391803 9.866703 -0.003961
112.680498 58.391803 9.980210 0.045953
116.541074 58.391803 9.794191 -0.203225
120.401650 58.391803 9.983941 -0.214572
124.262226 58.391803 10.172663 -0.403675
128.122802 58.391803 10.022851 -0.230933
131.983378 58.391803 10.012603 -0.140498
135.843953 58.391803 9.928503 -0.209545
139.704529 58.391803 9.745476 -0.189291
143.565105 58.391803 10.048850 -0.031907
147.425681 58.391803 9.925917 -0.267905
151.286257 58.391803 9.816573 -0.139381
155.146833 58.391803 10.062221 -0.254218
159.007409 58.391803 9.666773 0.083555
162.867985 58.391803 9.953687 -0.023782
-30.160811 54.531227 9.681147 0.467199
-26.300235 54.531227 9.928930 0.770778
-22.439659 54.531227 9.653120 1.263203
-18.579083 54.531227 9.360822 1.368618
-14.718507 54.531227 9.584514 1.345367
-10.857931 54.531227 0.000000 0.000000
-6.997355 54.531227 0.000000 0.000000
-3.136779 54.531227 0.000000 0.000000
0.723796 54.531227 11.499130 1.348619
4.584372 54.531227 11.361120 1.656096
8.444948 54.531227 11.448602 0.854364
12.305524 54.531227 11.886635 0.862775
16.166100 54.531227 11.539927 0.346203
20.026676 54.531227 11.656778 0.447090
23.887252 54.531227 11.392035 0.315754
27.747828 54.531227 11.345415 -0.088105
31.608404 54.531227 11.224462 -0.140600
35.468980 54.531227 11.226719 -0.460324
39.329556 54.531227 11.072615 -0.583547
43.190132 54.531227 10.912564 -0.235320
47.050707 54.531227 10.819680 -0.451393
50.911283 54.531227 11.128132 -0.490202
54.771859 54.531227 11.040977 -0.513281
58.632435 54.531227 10.590156 -0.647528
62.493011 54.531227 10.681910 -0.828557
66.353587 54.531227 10.571606 -0.961037
70.214163 54.531227 10.610202 -0.784884
74.074739 54.531227 10.335623 -0.688944
77.935315 54.531227 10.281382 -0.970998
81.795891 54.531227 10.154055 -1.015947
85.656467 54.531227 10.138665 -0.770013
89.517043 54.531227 0.000000 0.000000
93.377618 54.531227 10.315094 -0.547416
97.238194 54.531227 9.934268 -0.402429
101.098770 54.531227 10.069591 -0.449578
104.959346 54.531227 9.758929 -0.302398
108.819922 54.531227 9.616824 -0.324496
112.680498 54.531227 9.856203 -0.279283
116.541074 54.531227 9.858974 -0.162306
120.401650 54.531227 10.054111 -0.123422
124.262226 54.531227 10.123515 -0.203754
128.122802 54.531227 10.136653 -0.354272
131.983378 54.531227 9.862058 -0.418818
135.843953 54.531227 9.833935 -0.243715
139.704529 54.531227 10.034903 -0.326796
143.565105 54.531227 10.110218 -0.405464
147.425681 54.531227 10.063663 -0.466896
151.286257 54.531227 9.994035 -0.332555
155.146833 54.531227 9.447108 -0.198821
159.007409 54.531227 9.558331 0.082418
162.867985 54.531227 0.000000 0.000000
-30.160811 50.670651 9.614851 0.861491
-26.300235 50.670651 9.592421 0.838691
-22.439659 50.670651 9.175296 1.037860
-18.579083 50.670651 9.606659 1.763814
-14.718507 50.670651 9.615029 1.649681
-10.857931 50.670651 0.000000 0.000000
-6.997355 50.670651 0.000000 0.000000
-3.136779 50.670651 0.000000 0.000000
0.723796 50.670651 11.816808 1.575869
4.584372 50.670651 12.019809 1.276092
8.444948 50.670651 11.902233 0.725488
12.305524 50.670651 12.022377 0.767167
16.166100 50.670651 11.886012 0.426290
20.026676 50.670651 11.585506 -0.072223
23.887252 50.670651 11.652959 0.024876
27.747828 50.670651 11.604563 -0.355719
31.608404 50.670651 11.556765 -0.361863
35.468980 50.670651 11.382797 -0.250366
39.329556 50.670651 11.255038 -0.565636
43.190132 50.670651 11.057449 -0.435043
47.050707 50.670651 10.980326 -0.366933
50.911283 50.670651 10.934553 -0.617655
54.771859 50.670651 11.175488 -0.628780
58.632435 50.670651 10.736506 -0.700864
62.493011 50.670651 10.539599 -0.722402
66.353587 50.670651 10.647695 -0.648565
70.214163 50.670651 10.796850 -0.533872
74.074739 50.670651 10.447258 -0.750997
77.935315 50.670651 10.763193 -0.661354
81.795891 50.670651 10.240042 -1.213045
85.656467 50.670651 9.831530 -1.111316
89.517043 50.670651 0.000000 0.000000
93.377618 50.670651 9.554075 -0.699296
97.238194 50.670651 9.496121 -0.440399
101.098770 50.670651 9.876861 -0.207392
104.959346 50.670651 9.926665 -0.661106
108.819922 50.670651 9.597465 -0.387322
112.680498 50.670651 9.702645 -0.401118
116.541074 50.670651 9.651156 0.201688
120.401650 50.670651 10.237685 -0.530857
124.262226 50.670651 10.275828 -0.635832
128.122802 50.670651 10.008876 -0.602887
131.983378 50.670651 10.102925 -0.508713
135.843953 50.670651 9.782516 -0.263427
139.704529 50.670651 9.956975 -0.241099
143.565105 50.670651 10.006464 -0.470001
147.425681 50.670651 10.169402 -0.565556
151.286257 50.670651 9.836672 -0.370721
155.146833 50.670651 9.237112 -0.219840
159.007409 50.670651 0.000000 0.000000
162.867985 50.670651 0.000000 0.000000
-30.160811 46.810075 9.300674 0.781210
-26.300235 46.810075 8.886572 1.022855
-22.439659 46.810075 8.927909 0.727130
-18.579083 46.810075 8.930062 0.962248
-14.718507 46.810075 9.169853 1.998360
-10.857931 46.810075 8.906843 2.611696
-6.997355 46.810075 0.000000 0.000000
-3.136779 46.810075 11.819177 2.377448
0.723796 46.810075 0.000000 0.000000
4.584372 46.810075 0.000000 0.000000
8.444948 46.810075 0.000000 0.000000
12.305524 46.810075 0.000000 0.000000
16.166100 46.810075 0.000000 0.000000
20.026676 46.810075 0.000000 0.000000
23.887252 46.810075 0.000000 0.000000
27.747828 46.810075 0.000000 0.000000
31.608404 46.810075 0.000000 0.000000
35.468980 46.810075 0.000000 0.000000
39.329556 46.810075 0.000000 0.000000
43.190132 46.810075 0.000000 0.000000
47.050707 46.810075 0.000000 0.000000
50.911283 46.810075 0.000000 0.000000
54.771859 46.810075 0.000000 0.000000
58.632435 46.810075 10.640601 -0.541534
62.493011 46.810075 10.558867 -0.891349
66.353587 46.810075 10.833570 -0.747905
70.214163 46.810075 10.713266 -0.916478
74.074739 46.810075 10.422186 -0.987063
77.935315 46.810075 10.572995 -1.141442
81.795891 46.810075 10.264538 -1.716024
85.656467 46.810075 10.237155 -0.787303
89.517043 46.810075 0.000000 0.000000
93.377618 46.810075 0.000000 0.000000
97.238194 46.810075 8.831187 -0.262180
101.098770 46.810075 10.319407 0.313355
104.959346 46.810075 10.519162 -0.378655
108.819922 46.810075 9.876026 -0.860660
112.680498 46.810075 8.993590 -0.808846
116.541074 46.810075 8.705521 0.182845
120.401650 46.810075 9.055453 -0.710596
124.262226 46.810075 10.326283 -0.935548
128.122802 46.810075 9.892610 -1.018799
131.983378 46.810075 9.539281 -0.862126
135.843953 46.810075 9.430553 -0.722986
139.704529 46.810075 9.429559 0.257248
143.565105 46.810075 10.248375 0.184246
147.425681 46.810075 10.252255 -0.922005
151.286257 46.810075 9.671104 -0.782962
155.146833 46.810075 8.623688 -0.698156
159.007409 46.810075 0.000000 0.000000
162.867985 46.810075 0.000000 0.000000
-30.160811 42.949499 10.116452 1.007383
-26.300235 42.949499 9.059530 0.813095
-22.439659 42.949499 8.854999 0.587215
-18.579083 42.949499 8.801935 0.873613
-14.718507 42.949499 8.437620 1.683314
-10.857931 42.949499 7.626226 2.707651
-6.997355 42.949499 0.000000 0.000000
-3.136779 42.949499 0.000000 0.000000
0.723796 42.949499 0.000000 0.000000
4.584372 42.949499 0.000000 0.000000
8.444948 42.949499 0.000000 0.000000
12.305524 42.949499 0.000000 0.000000
16.166100 42.949499 0.000000 0.000000
20.026676 42.949499 0.000000 0.000000
23.887252 42.949499 0.000000 0.000000
27.747828 42.949499 0.000000 0.000000
31.608404 42.949499 0.000000 0.000000
35.468980 42.949499 0.000000 0.000000
39.329556 42.949499 0.000000 0.000000
43.190132 42.949499 0.000000 0.000000
47.050707 42.949499 0.000000 0.000000
50.911283 42.949499 0.000000 0.000000
54.771859 42.949499 0.000000 0.000000
58.632435 42.949499 0.000000 0.000000
62.493011 42.949499 0.000000 0.000000
66.353587 42.949499 0.000000 0.000000
70.214163 42.949499 0.000000 0.000000
74.074739 42.949499 0.000000 0.000000
77.935315 42.949499 0.000000 0.000000
81.795891 42.949499 0.000000 0.000000
85.656467 42.949499 10.528266 -0.011416
89.517043 42.949499 0.000000 0.000000
93.377618 42.949499 0.000000 0.000000
97.238194 42.949499 0.000000 0.000000
101.098770 42.949499 0.000000 0.000000
104.959346 42.949499 0.000000 0.000000
108.819922 42.949499 9.346576 -1.825344
112.680498 42.949499 9.367516 -1.827381
116.541074 42.949499 8.785592 -1.671126
120.401650 42.949499 0.000000 0.000000
124.262226 42.949499 10.404035 -0.880877
128.122802 42.949499 9.609089 -1.328833
131.983378 42.949499 9.410629 -1.192692
135.843953 42.949499 9.153415 -1.099386
139.704529 42.949499 0.000000 0.000000
143.565105 42.949499 9.114757 1.742040
147.425681 42.949499 9.742291 -0.787940
151.286257 42.949499 9.230059 -0.976449
155.146833 42.949499 0.000000 0.000000
159.007409 42.949499 9.584943 -1.593493
162.867985 42.949499 0.000000 0.000000
-30.160811 39.088924 9.516347 0.593295
-26.300235 39.088924 9.185918 0.450945
-22.439659 39.088924 9.153028 0.551134
-18.579083 39.088924 0.000000 0.000000
-14.718507 39.088924 0.000000 0.000000
-10.857931 39.088924 0.000000 0.000000
-6.997355 39.088924 0.000000 0.000000
-3.136779 39.088924 0.000000 0.000000
0.723796 39.088924 0.000000 0.000000
4.584372 39.088924 0.000000 0.000000
8.444948 39.088924 0.000000 0.000000
12.305524 39.088924 0.000000 0.000000
16.166100 39.088924 0.000000 0.000000
20.026676 39.088924 0.000000 0.000000
23.887252 39.088924 0.000000 0.000000
27.747828 39.088924 0.000000 0.000000
31.608404 39.088924 0.000000 0.000000
35.468980 39.088924 0.000000 0.000000
39.329556 39.088924 0.000000 0.000000
43.190132 39.088924 0.000000 0.000000
47.050707 39.088924 0.000000 0.000000
50.911283 39.088924 0.000000 0.000000
54.771859 39.088924 0.000000 0.000000
58.632435 39.088924 0.000000 0.000000
62.493011 39.088924 0.000000 0.000000
66.353587 39.088924 0.000000 0.000000
70.214163 39.088924 0.000000 0.000000
74.074739 39.088924 0.000000 0.000000
77.935315 39.088924 0.000000 0.000000
81.795891 39.088924 0.000000 0.000000
85.656467 39.088924 0.000000 0.000000
89.517043 39.088924 0.000000 0.000000
93.377618 39.088924 0.000000 0.000000
97.238194 39.088924 0.000000 0.000000
101.098770 39.088924 0.000000 0.000000
104.959346 39.088924 0.000000 0.000000
108.819922 39.088924 8.507576 -1.396024
112.680498 39.088924 9.984153 -1.875734
116.541074 39.088924 9.030549 -1.944438
120.401650 39.088924 8.780622 2.069970
124.262226 39.088924 8.356158 1.551150
128.122802 39.088924 8.726733 -0.673765
131.983378 39.088924 9.620051 -0.427870
135.843953 39.088924 10.406658 -1.417880
139.704529 39.088924 10.551654 0.722982
143.565105 39.088924 9.477740 1.968011
147.425681 39.088924 9.208017 1.209868
151.286257 39.088924 8.708530 -1.196211
155.146833 39.088924 0.000000 0.000000
159.007409 39.088924 10.302275 -0.661319
162.867985 39.088924 0.000000 0.000000
-30.160811 35.228348 8.960855 0.466740
-26.300235 35.228348 8.904048 0.063540
-22.439659 35.228348 0.000000 0.000000
-18.579083 35.228348 0.000000 0.000000
-14.718507 35.228348 0.000000 0.000000
-10.857931 35.228348 0.000000 0.000000
-6.997355 35.228348 0.000000 0.000000
-3.136779 35.228348 0.000000 0.000000
0.723796 35.228348 0.000000 0.000000
4.584372 35.228348 0.000000 0.000000
8.444948 35.228348 0.000000 0.000000
12.305524 35.228348 0.000000 0.000000
16.166100 35.228348 0.000000 0.000000
20.026676 35.228348 0.000000 0.000000
23.887252 35.228348 0.000000 0.000000
27.747828 35.228348 0.000000 0.000000
31.608404 35.228348 0.000000 0.000000
35.468980 35.228348 0.000000 0.000000
39.329556 35.228348 0.000000 0.000000
43.190132 35.228348 0.000000 0.000000
47.050707 35.228348 0.000000 0.000000
50.911283 35.228348 0.000000 0.000000
54.771859 35.228348 0.000000 0.000000
58.632435 35.228348 0.000000 0.000000
62.493011 35.228348 0.000000 0.000000
66.353587 35.228348 0.000000 0.000000
70.214163 35.228348 0.000000 0.000000
74.074739 35.228348 0.000000 0.000000
77.935315 35.228348 0.000000 0.000000
81.795891 35.228348 0.000000 0.000000
85.656467 35.228348 0.000000 0.000000
89.517043 35.228348 0.000000 0.000000
93.377618 35.228348 0.000000 0.000000
97.238194 35.228348 0.000000 0.000000
101.098770 35.228348 0.000000 0.000000
104.959346 35.228348 0.000000 0.000000
108.819922 35.228348 8.891641 -0.408659
112.680498 35.228348 9.446213 -0.697062
116.541074 35.228348 10.061711 -1.563877
120.401650 35.228348 9.849420 0.983712
124.262226 35.228348 9.274015 0.512318
128.122802 35.228348 9.081281 0.276189
131.983378 35.228348 9.504954 0.111498
135.843953 35.228348 10.122702 -0.145631
139.704529 35.228348 10.279706 0.744547
143.565105 35.228348 9.432793 0.807109
147.425681 35.228348 9.428494 0.794361
151.286257 35.228348 9.522839 0.331056
155.146833 35.228348 9.898973 -0.207108
159.007409 35.228348 9.648097 -0.386095
162.867985 35.228348 9.942580 0.720816
-30.160811 31.367772 9.998950 -0.239956
-26.300235 31.367772 9.144545 0.771493
-22.439659 31.367772 0.000000 0.000000
-18.579083 31.367772 0.000000 0.000000
-14.718507 31.367772 0.000000 0.000000
-10.857931 31.367772 0.000000 0.000000
-6.997355 31.367772 0.000000 0.000000
-3.136779 31.367772 0.000000 0.000000
0.723796 31.367772 0.000000 0.000000
4.584372 31.367772 0.000000 0.000000
8.444948 31.367772 0.000000 0.000000
12.305524 31.367772 0.000000 0.000000
16.166100 31.367772 0.000000 0.000000
20.026676 31.367772 0.000000 0.000000
23.887252 31.367772 0.000000 0.000000
27.747828 31.367772 0.000000 0.000000
31.608404 31.367772 0.000000 0.000000
35.468980 31.367772 0.000000 0.000000
39.329556 31.367772 0.000000 0.000000
43.190132 31.367772 0.000000 0.000000
47.050707 31.367772 0.000000 0.000000
50.911283 31.367772 0.000000 0.000000
54.771859 31.367772 0.000000 0.000000
58.632435 31.367772 0.000000 0.000000
62.493011 31.367772 0.000000 0.000000
66.353587 31.367772 0.000000 0.000000
70.214163 31.367772 0.000000 0.000000
74.074739 31.367772 0.000000 0.000000
77.935315 31.367772 0.000000 0.000000
81.795891 31.367772 0.000000 0.000000
85.656467 31.367772 0.000000 0.000000
89.517043 31.367772 0.000000 0.000000
93.377618 31.367772 0.000000 0.000000
97.238194 31.367772 0.000000 0.000000
101.098770 31.367772 0.000000 0.000000
104.959346 31.367772 9.430879 0.184735
108.819922 31.367772 9.353940 -0.019975
112.680498 31.367772 9.902198 -0.189618
116.541074 31.367772 10.071898 0.354013
120.401650 31.367772 10.008633 0.344352
124.262226 31.367772 9.344796 0.389761
128.122802 31.367772 9.770557 0.101605
131.983378 31.367772 9.805696 -0.110938
135.843953 31.367772 10.017576 -0.048544
139.704529 31.367772 9.969708 0.342051
143.565105 31.367772 9.772331 0.498857
147.425681 31.367772 9.388014 0.204119
151.286257 31.367772 9.864070 0.307165
155.146833 31.367772 10.300542 0.009878
159.007409 31.367772 10.058477 0.384154
162.867985 31.367772 9.972220 0.192019
-30.160811 27.507196 9.704532 0.687070
-26.300235 27.507196 9.699918 0.109037
-22.439659 27.507196 9.282201 -0.205206
-18.579083 27.507196 9.559198 -0.497646
-14.718507 27.507196 0.000000 0.000000
-10.857931 27.507196 0.000000 0.000000
-6.997355 27.507196 0.000000 0.000000
-3.136779 27.507196 0.000000 0.000000
0.723796 27.507196 0.000000 0.000000
4.584372 27.507196 0.000000 0.000000
8.444948 27.507196 0.000000 0.000000
12.305524 27.507196 0.000000 0.000000
16.166100 27.507196 0.000000 0.000000
20.026676 27.507196 0.000000 0.000000
23.887252 27.507196 0.000000 0.000000
27.747828 27.507196 0.000000 0.000000
31.608404 27.507196 0.000000 0.000000
35.468980 27.507196 0.000000 0.000000
39.329556 27.507196 0.000000 0.000000
43.190132 27.507196 0.000000 0.000000
47.050707 27.507196 0.000000 0.000000
50.911283 27.507196 0.000000 0.000000
54.771859 27.507196 0.000000 0.000000
58.632435 27.507196 0.000000 0.000000
62.493011 27.507196 0.000000 0.000000
66.353587 27.507196 0.000000 0.000000
70.214163 27.507196 10.128952 0.328028
74.074739 27.507196 10.238100 0.874114
77.935315 27.507196 10.014291 0.845744
81.795891 27.507196 10.221274 0.373953
85.656467 27.507196 9.980090 0.519721
89.517043 27.507196 9.834355 0.547491
93.377618 27.507196 9.802669 0.755840
97.238194 27.507196 9.859290 0.497958
101.098770 27.507196 9.525760 0.590702
104.959346 27.507196 9.570781 0.322550
108.819922 27.507196 9.876757 0.103995
112.680498 27.507196 9.790089 0.079160
116.541074 27.507196 9.850564 0.237691
120.401650 27.507196 9.880122 0.082382
124.262226 27.507196 9.648278 0.047907
128.122802 27.507196 9.695595 0.045925
131.983378 27.507196 9.876616 -0.086876
135.843953 27.507196 9.911702 -0.048019
139.704529 27.507196 9.544217 0.016868
143.565105 27.507196 9.850067 0.255558
147.425681 27.507196 10.010916 0.214809
151.286257 27.507196 9.752872 0.067184
155.146833 27.507196 10.012219 -0.090446
159.007409 27.507196 9.971534 -0.101045
162.867985 27.507196 10.016567 0.100974
-30.160811 23.646620 9.896065 0.369946
-26.300235 23.646620 9.304503 -0.394521
-22.439659 23.646620 9.369624 -0.337284
-18.579083 23.646620 9.062988 -0.501656
-14.718507 23.646620 9.320672 -0.265506
-10.857931 23.646620 9.888845 -0.763817
-6.997355 23.646620 9.921268 -1.074772
-3.136779 23.646620 10.110927 -0.783311
0.723796 23.646620 10.414175 -0.882437
4.584372 23.646620 10.454039 -0.959339
8.444948 23.646620 10.499757 -0.601430
12.305524 23.646620 10.652751 -0.562454
16.166100 23.646620 10.637153 -0.224214
20.026676 23.646620 10.704565 -0.273044
23.887252 23.646620 10.917743 0.090601
27.747828 23.646620 10.914002 0.213163
31.608404 23.646620 10.863879 0.127362
35.468980 23.646620 10.775005 0.384525
39.329556 23.646620 10.651751 0.302831
43.190132 23.646620 10.688004 0.501787
47.050707 23.646620 10.589561 0.450661
50.911283 23.646620 10.475507 0.271903
54.771859 23.646620 10.389857 0.546376
58.632435 23.646620 10.336803 0.602812
62.493011 23.646620 10.334683 0.467318
66.353587 23.646620 10.145906 0.466927
70.214163 23.646620 10.119901 0.403825
74.074739 23.646620 9.978428 0.552773
77.935315 23.646620 10.136689 0.637770
81.795891 23.646620 9.962547 0.574900
85.656467 23.646620 9.854338 0.851589
89.517043 23.646620 9.770223 0.416567
93.377618 23.646620 9.756690 0.414607
97.238194 23.646620 10.043413 0.573528
101.098770 23.646620 9.731866 0.368712
104.959346 23.646620 9.761767 0.285305
108.819922 23.646620 9.602340 0.389987
112.680498 23.646620 9.937159 0.147429
116.541074 23.646620 10.068378 0.110864
120.401650 23.646620 9.560574 0.062780
124.262226 23.646620 9.992497 0.152597
128.122802 23.646620 9.748332 0.085896
131.983378 23.646620 9.842189 0.212089
135.843953 23.646620 9.672992 -0.063220
139.704529 23.646620 9.969638 0.095427
143.565105 23.646620 9.927058 0.360459
147.425681 23.646620 10.011140 0.014794
151.286257 23.646620 9.733409 -0.057203
155.146833 23.646620 9.765222 0.112257
159.007409 23.646620 9.761972 0.023669
162.867985 23.646620 9.768965 0.225700
-30.160811 19.786044 9.219667 0.202441
-26.300235 19.786044 9.706235 -0.203168
-22.439659 19.786044 9.396973 -0.705371
-18.579083 19.786044 9.764452 -0.320255
-14.718507 19.786044 9.542938 -0.557870
-10.857931 19.786044 9.607666 -0.780628
-6.997355 19.786044 9.876916 -0.571959
-3.136779 19.786044 10.114989 -0.688220
0.723796 19.786044 10.103336 -0.717111
4.584372 19.786044 10.287855 -0.591475
8.444948 19.786044 10.362775 -0.542481
12.305524 19.786044 10.658307 -0.392125
16.166100 19.786044 10.672985 -0.290355
20.026676 19.786044 10.629900 -0.221063
23.887252 19.786044 10.722627 -0.147826
27.747828 19.786044 10.722120 0.059632
31.608404 19.786044 10.623229 0.227090
35.468980 19.786044 10.605840 0.298433
39.329556 19.786044 10.738351 0.223105
43.190132 19.786044 10.672905 0.197561
47.050707 19.786044 10.526603 0.641548
50.911283 19.786044 10.574840 0.306333
54.771859 19.786044 10.512983 0.429699
58.632435 19.786044 10.326945 0.421139
62.493011 19.786044 10.292006 0.626179
66.353587 19.786044 10.191986 0.456011
70.214163 19.786044 10.069336 0.443327
74.074739 19.786044 10.091816 0.581211
77.935315 19.786044 10.144863 0.489605
81.795891 19.786044 10.066599 0.450930
85.656467 19.786044 9.989586 0.531663
89.517043 19.786044 9.983352 0.431365
93.377618 19.786044 9.758208 0.456692
97.238194 19.786044 9.875128 0.359988
101.098770 19.786044 9.929387 0.417557
104.959346 19.786044 9.959182 0.164561
108.819922 19.786044 9.770416 0.109478
112.680498 19.786044 9.674232 0.198686
116.541074 19.786044 9.764915 0.114483
120.401650 19.786044 9.504743 0.058067
124.262226 19.786044 9.819528 0.156206
128.122802 19.786044 9.779655 0.087870
131.983378 19.786044 9.773985 -0.051748
135.843953 19.786044 9.642915 0.175296
139.704529 19.786044 9.965315 0.098374
143.565105 19.786044 9.854847 0.146915
147.425681 19.786044 9.903686 -0.019906
151.286257 19.786044 9.840007 0.206956
155.146833 19.786044 9.936137 0.084123
159.007409 19.786044 9.718587 0.138054
162.867985 19.786044 9.828673 0.186668
-30.160811 15.925468 9.162189 0.028168
-26.300235 15.925468 9.400522 -0.829054
-22.439659 15.925468 9.823647 -0.008635
-18.579083 15.925468 9.735781 -0.135311
-14.718507 15.925468 9.733860 -0.539661
-10.857931 15.925468 9.848227 -0.459818
-6.997355 15.925468 9.956089 -0.409285
-3.136779 15.925468 10.156734 -0.638471
0.723796 15.925468 10.103253 -0.650596
4.584372 15.925468 10.197494 -0.500527
8.444948 15.925468 10.462912 -0.617218
12.305524 15.925468 10.570274 -0.468829
16.166100 15.925468 10.584924 -0.217452
20.026676 15.925468 10.633639 -0.233670
23.887252 15.925468 10.603333 -0.228812
27.747828 15.925468 10.591809 -0.027081
31.608404 15.925468 10.749145 0.190922
35.468980 15.925468 10.552998 -0.131594
39.329556 15.925468 10.558609 0.240050
43.190132 15.925468 10.418363 0.369987
47.050707 15.925468 10.701662 0.120280
50.911283 15.925468 10.391707 0.412709
54.771859 15.925468 10.331495 0.407875
58.632435 15.925468 10.358787 0.454935
62.493011 15.925468 10.219316 0.561943
66.353587 15.925468 10.088941 0.509606
70.214163 15.925468 10.072523 0.525968
74.074739 15.925468 10.089886 0.669098
77.935315 15.925468 10.196778 0.722287
81.795891 15.925468 10.115232 0.423210
85.656467 15.925468 10.119953 0.406205
89.517043 15.925468 9.830223 0.387600
93.377618 15.925468 9.994967 0.460590
97.238194 15.925468 10.069473 0.395933
101.098770 15.925468 10.060984 0.566476
104.959346 15.925468 9.732317 0.344454
108.819922 15.925468 9.750704 0.249722
112.680498 15.925468 9.847546 0.209625
116.541074 15.925468 9.832376 0.234208
120.401650 15.925468 9.891788 0.172251
124.262226 15.925468 9.763144 0.269337
128.122802 15.925468 9.912445 0.140301
131.983378 15.925468 9.984929 0.250265
135.843953 15.925468 10.071084 0.197551
139.704529 15.925468 9.851267 0.276212
143.565105 15.925468 9.572845 0.036107
147.425681 15.925468 9.811529 0.089283
151.286257 15.925468 9.811630 0.204741
155.146833 15.925468 9.824227 0.255984
159.007409 15.925468 9.888743 0.242032
162.867985 15.925468 9.944403 -0.001758
-30.160811 12.064892 10.203942 -1.033409
-26.300235 12.064892 10.017651 0.173761
-22.439659 12.064892 9.882537 -0.412761
-18.579083 12.064892 9.817082 -0.041426
-14.718507 12.064892 9.947433 -0.337873
-10.857931 12.064892 10.015536 -0.142380
-6.997355 12.064892 10.048313 -0.315754
-3.136779 12.064892 10.237004 -0.404117
0.723796 12.064892 10.137014 -0.414008
4.584372 12.064892 10.492679 -0.412200
8.444948 12.064892 10.465235 -0.404123
12.305524 12.064892 10.382813 -0.381669
16.166100 12.064892 10.344456 -0.198555
20.026676 12.064892 10.392600 -0.030994
23.887252 12.064892 10.697981 -0.071024
27.747828 12.064892 10.526066 -0.048826
31.608404 12.064892 10.451192 0.208516
35.468980 12.064892 10.605124 0.180852
39.329556 12.064892 10.539909 0.215034
43.190132 12.064892 10.384295 0.206694
47.050707 12.064892 10.356516 0.216096
50.911283 12.064892 10.353006 0.387745
54.771859 12.064892 10.182816 0.243804
58.632435 12.064892 10.583547 0.343114
62.493011 12.064892 10.326151 0.556379
66.353587 12.064892 10.196846 0.424707
70.214163 12.064892 10.315004 0.416932
74.074739 12.064892 10.356602 0.649989
77.935315 12.064892 10.247239 0.487482
81.795891 12.064892 10.143583 0.533681
85.656467 12.064892 9.976016 0.502180
89.517043 12.064892 10.014530 0.336361
93.377618 12.064892 10.130323 0.466563
97.238194 12.064892 9.908463 0.265328
101.098770 12.064892 9.731866 0.407614
104.959346 12.064892 9.806415 0.295244
108.819922 12.064892 9.811419 0.265178
112.680498 12.064892 9.773015 0.311939
116.541074 12.064892 10.005390 0.362621
120.401650 12.064892 9.685163 0.299140
124.262226 12.064892 0.000000 0.000000
128.122802 12.064892 9.939089 0.137235
131.983378 12.064892 10.095258 -0.209050
135.843953 12.064892 9.921174 0.155821
139.704529 12.064892 9.818984 0.225728
143.565105 12.064892 9.855225 0.155182
147.425681 12.064892 10.054452 0.270752
151.286257 12.064892 10.038689 0.182166
155.146833 12.064892 9.853415 0.106660
159.007409 12.064892 9.916013 0.247258
162.867985 12.064892 10.025345 0.284929
-30.160811 8.204316 10.236323 0.313907
-26.300235 8.204316 9.141010 0.518872
-22.439659 8.204316 9.934280 0.169223
-18.579083 8.204316 9.428568 -0.182776
-14.718507 8.204316 9.649904 -0.207445
-10.857931 8.204316 9.715479 -0.232613
-6.997355 8.204316 10.085526 -0.435209
-3.136779 8.204316 9.966750 -0.236213
0.723796 8.204316 10.099044 -0.239762
4.584372 8.204316 10.338141 -0.176548
8.444948 8.204316 10.027260 -0.574027
12.305524 8.204316 10.278896 -0.385891
16.166100 8.204316 10.448700 -0.115471
20.026676 8.204316 10.465588 -0.341974
23.887252 8.204316 10.298799 -0.095257
27.747828 8.204316 10.293691 0.026654
31.608404 8.204316 10.506810 -0.025398
35.468980 8.204316 10.471192 0.239651
39.329556 8.204316 10.562413 0.231168
43.190132 8.204316 10.137233 0.299748
47.050707 8.204316 10.358348 0.359496
50.911283 8.204316 10.448188 0.267672
54.771859 8.204316 10.407569 0.203880
58.632435 8.204316 10.450010 0.449322
62.493011 8.204316 10.062205 0.478578
66.353587 8.204316 10.311255 0.359413
70.214163 8.204316 10.137601 0.628084
74.074739 8.204316 10.026241 0.337088
77.935315 8.204316 10.209327 0.459033
81.795891 8.204316 10.159280 0.485193
85.656467 8.204316 9.997742 0.469411
89.517043 8.204316 10.109384 0.253309
93.377618 8.204316 9.912289 0.440633
97.238194 8.204316 9.817472 0.455181
101.098770 8.204316 9.792727 0.225549
104.959346 8.204316 9.990507 0.405971
108.819922 8.204316 10.102189 0.264961
112.680498 8.204316 9.875677 0.262964
116.541074 8.204316 9.815671 0.198385
120.401650 8.204316 9.358622 0.243957
124.262226 8.204316 9.879454 0.241095
128.122802 8.204316 9.752520 0.290016
131.983378 8.204316 9.924834 0.123359
135.843953 8.204316 9.942294 0.283655
139.704529 8.204316 9.595255 0.234710
143.565105 8.204316 9.938920 0.011051
147.425681 8.204316 9.824700 0.244488
151.286257 8.204316 9.951431 0.178056
155.146833 8.204316 9.898126 0.255691
159.007409 8.204316 9.969561 0.069327
162.867985 8.204316 9.852678 -0.052107
-30.160811 4.343740 9.826093 0.686833
-26.300235 4.343740 0.000000 0.000000
-22.439659 4.343740 9.632674 -0.100321
-18.579083 4.343740 10.166736 -0.303794
-14.718507 4.343740 9.751821 -0.018246
-10.857931 4.343740 10.108018 -0.086732
-6.997355 4.343740 9.984778 -0.401069
-3.136779 4.343740 10.066654 -0.348004
0.723796 4.343740 10.256324 -0.195312
4.584372 4.343740 10.335779 -0.183370
8.444948 4.343740 10.329287 -0.122744
12.305524 4.343740 10.344127 -0.246315
16.166100 4.343740 10.352267 -0.080989
20.026676 4.343740 10.342999 0.018274
23.887252 4.343740 10.482385 -0.188012
27.747828 4.343740 10.707194 -0.008209
31.608404 4.343740 10.520405 0.000580
35.468980 4.343740 10.448323 0.133002
39.329556 4.343740 10.401660 0.358055
43.190132 4.343740 10.291838 0.415624
47.050707 4.343740 10.237802 0.283884
50.911283 4.343740 10.381982 0.539775
54.771859 4.343740 10.118443 0.208136
58.632435 4.343740 10.209346 0.321003
62.493011 4.343740 10.138536 0.377946
66.353587 4.343740 10.323408 0.413456
70.214163 4.343740 10.267077 0.254986
74.074739 4.343740 10.191611 0.336327
77.935315 4.343740 10.113881 0.465574
81.795891 4.343740 9.974212 0.366913
85.656467 4.343740 10.108083 0.456018
89.517043 4.343740 9.969220 0.339806
93.377618 4.343740 9.963001 0.525697
97.238194 4.343740 9.901163 0.335871
101.098770 4.343740 9.922846 0.286331
104.959346 4.343740 10.019138 0.342928
108.819922 4.343740 9.864196 0.435013
112.680498 4.343740 9.939260 0.173285
116.541074 4.343740 9.857606 0.487068
120.401650 4.343740 9.690394 0.087709
124.262226 4.343740 9.902998 0.255900
128.122802 4.343740 9.896895 0.183585
131.983378 4.343740 9.918486 0.046396
135.843953 4.343740 9.777003 0.207502
139.704529 4.343740 9.996570 0.294073
143.565105 4.343740 10.022556 0.200277
147.425681 4.343740 9.893358 0.199431
151.286257 4.343740 9.930108 0.117429
155.146833 4.343740 9.980790 0.150472
159.007409 4.343740 10.092555 0.087702
162.867985 4.343740 9.882199 0.147715
-30.160811 0.483164 9.891352 0.530547
-26.300235 0.483164 9.887142 -0.051078
-22.439659 0.483164 9.818337 -0.167233
-18.579083 0.483164 9.985530 -0.364788
-14.718507 0.483164 9.728261 -0.169660
-10.857931 0.483164 9.849890 -0.137207
-6.997355 0.483164 9.927794 -0.318268
-3.136779 0.483164 10.294127 -0.042286
0.723796 0.483164 9.884952 -0.146944
4.584372 0.483164 10.237078 -0.029007
8.444948 0.483164 10.321457 0.006115
12.305524 0.483164 10.172050 -0.289893
16.166100 0.483164 10.351914 -0.017967
20.026676 0.483164 10.129734 -0.078929
23.887252 0.483164 10.426444 -0.291023
27.747828 0.483164 10.313345 0.018881
31.608404 0.483164 10.303214 0.054054
35.468980 0.483164 10.256591 0.106193
39.329556 0.483164 10.344799 0.350661
43.190132 0.483164 10.178584 0.412743
47.050707 0.483164 10.291420 0.107512
50.911283 0.483164 10.374796 0.249581
54.771859 0.483164 10.441552 0.549082
58.632435 0.483164 10.214617 0.208490
62.493011 0.483164 10.102471 0.421412
66.353587 0.483164 10.125018 0.120647
70.214163 0.483164 10.159645 0.556066
74.074739 0.483164 10.296756 0.493966
77.935315 0.483164 10.194081 0.435496
81.795891 0.483164 10.149791 0.325135
85.656467 0.483164 10.086618 0.501294
89.517043 0.483164 9.998039 0.223614
93.377618 0.483164 10.036191 0.361877
97.238194 0.483164 10.054302 0.373190
101.098770 0.483164 10.312057 0.425147
104.959346 0.483164 9.818834 0.166704
108.819922 0.483164 9.978786 0.301279
112.680498 0.483164 10.047902 0.166377
116.541074 0.483164 10.032785 0.277367
120.401650 0.483164 9.971107 0.251336
124.262226 0.483164 9.968184 0.227411
128.122802 0.483164 9.968787 0.450954
131.983378 0.483164 9.955641 0.365222
135.843953 0.483164 9.905677 0.306237
139.704529 0.483164 9.951327 0.227474
143.565105 0.483164 10.146152 0.132211
147.425681 0.483164 9.863585 0.180164
151.286257 0.483164 9.952447 0.380517
155.146833 0.483164 10.046672 0.262091
159.007409 0.483164 10.065979 0.254751
162.867985 0.483164 10.056093 -0.082734
-30.160811 -3.377411 9.962093 -0.208470
-26.300235 -3.377411 9.957724 -0.464146
-22.439659 -3.377411 9.906355 -0.493446
-18.579083 -3.377411 9.984205 -0.122595
-14.718507 -3.377411 10.182917 -0.170490
-10.857931 -3.377411 9.935192 -0.316476
-6.997355 -3.377411 9.940758 -0.279217
-3.136779 -3.377411 9.994596 -0.317428
0.723796 -3.377411 10.245819 -0.303626
4.584372 -3.377411 10.204320 0.064401
8.444948 -3.377411 10.381475 -0.181187
12.305524 -3.377411 10.366536 -0.085494
16.166100 -3.377411 10.478654 -0.068414
20.026676 -3.377411 10.380797 -0.129477
23.887252 -3.377411 10.403286 0.054316
27.747828 -3.377411 10.420799 0.128452
31.608404 -3.377411 10.374115 -0.028039
35.468980 -3.377411 10.352377 -0.006701
39.329556 -3.377411 10.363914 0.071284
43.190132 -3.377411 10.537997 0.394644
47.050707 -3.377411 10.152766 0.190219
50.911283 -3.377411 10.293323 0.404560
54.771859 -3.377411 10.301800 0.329318
58.632435 -3.377411 10.105177 0.115089
62.493011 -3.377411 10.123168 0.347262
66.353587 -3.377411 10.138849 0.256191
70.214163 -3.377411 10.218565 0.370167
74.074739 -3.377411 10.132830 0.341034
77.935315 -3.377411 10.088112 0.413846
81.795891 -3.377411 10.107362 0.181050
85.656467 -3.377411 10.130510 0.291255
89.517043 -3.377411 9.917326 0.035111
93.377618 -3.377411 10.093549 0.345562
97.238194 -3.377411 10.037522 0.178163
101.098770 -3.377411 9.975295 0.403201
104.959346 -3.377411 10.127679 0.281683
108.819922 -3.377411 10.022130 0.311543
112.680498 -3.377411 9.878315 0.161164
116.541074 -3.377411 9.973408 0.255338
120.401650 -3.377411 10.014994 0.148556
124.262226 -3.377411 9.750538 0.179943
128.122802 -3.377411 9.820187 0.225763
131.983378 -3.377411 9.789267 0.077720
135.843953 -3.377411 9.903845 0.288600
139.704529 -3.377411 9.912494 0.151837
143.565105 -3.377411 9.740889 0.037173
147.425681 -3.377411 9.999865 0.124071
151.286257 -3.377411 10.091393 0.217881
155.146833 -3.377411 10.018009 0.160807
159.007409 -3.377411 9.794182 0.116660
162.867985 -3.377411 9.857054 0.008509
-30.160811 -7.237987 9.920026 -0.581884
-26.300235 -7.237987 0.000000 0.000000
-22.439659 -7.237987 10.052651 0.456782
-18.579083 -7.237987 9.875128 -0.370104
-14.718507 -7.237987 10.035322 -0.349432
-10.857931 -7.237987 9.857508 -0.101010
-6.997355 -7.237987 10.026873 0.118760
-3.136779 -7.237987 10.227204 0.055011
0.723796 -7.237987 10.145741 -0.177249
4.584372 -7.237987 10.194959 -0.019404
8.444948 -7.237987 10.171221 0.117831
12.305524 -7.237987 10.238968 -0.180487
16.166100 -7.237987 10.190559 0.006178
20.026676 -7.237987 10.193480 0.031045
23.887252 -7.237987 10.199942 0.025215
27.747828 -7.237987 9.924635 0.128515
31.608404 -7.237987 10.224692 0.105543
35.468980 -7.237987 10.455594 0.174333
39.329556 -7.237987 10.414611 0.240972
43.190132 -7.237987 10.233369 0.226731
47.050707 -7.237987 10.202123 0.059021
50.911283 -7.237987 10.384049 0.360109
54.771859 -7.237987 10.089518 0.001933
58.632435 -7.237987 10.138015 0.184931
62.493011 -7.237987 10.176209 0.410425
66.353587 -7.237987 10.237572 0.381186
70.214163 -7.237987 10.223627 0.316771
74.074739 -7.237987 10.235845 0.104038
77.935315 -7.237987 9.985769 0.397597
81.795891 -7.237987 10.027787 0.419381
85.656467 -7.237987 10.066332 0.405774
89.517043 -7.237987 10.037243 0.301555
93.377618 -7.237987 10.047865 0.383769
97.238194 -7.237987 10.113747 0.246429
101.098770 -7.237987 10.010290 0.143532
104.959346 -7.237987 9.880475 0.317849
108.819922 -7.237987 9.862211 0.205290
112.680498 -7.237987 9.931744 0.227305
116.541074 -7.237987 10.037872 0.278680
120.401650 -7.237987 9.856995 0.272906
124.262226 -7.237987 9.957826 0.136538
128.122802 -7.237987 10.143418 0.313893
131.983378 -7.237987 9.915734 0.001068
135.843953 -7.237987 10.153926 0.141418
139.704529 -7.237987 9.953978 0.179941
143.565105 -7.237987 10.056474 0.258880
147.425681 -7.237987 9.973521 0.066047
151.286257 -7.237987 9.860505 0.016523
155.146833 -7.237987 9.898556 0.242035
159.007409 -7.237987 10.049592 0.237973
162.867985 -7.237987 10.026293 0.004211
-30.160811 -11.098563 0.000000 0.000000
-26.300235 -11.098563 10.341497 0.319940
-22.439659 -11.098563 10.315815 -0.273874
-18.579083 -11.098563 9.789813 0.098985
-14.718507 -11.098563 9.889532 -0.039286
-10.857931 -11.098563 10.210591 -0.080547
-6.997355 -11.098563 10.097418 -0.034774
-3.136779 -11.098563 10.031438 -0.207017
0.723796 -11.098563 10.070888 0.020704
4.584372 -11.098563 10.144354 -0.137624
8.444948 -11.098563 10.345314 -0.235181
12.305524 -11.098563 10.096737 0.133274
16.166100 -11.098563 10.162284 -0.035722
20.026676 -11.098563 10.286416 0.213749
23.887252 -11.098563 10.341117 0.134708
27.747828 -11.098563 10.276577 0.249322
31.608404 -11.098563 10.205446 0.033697
35.468980 -11.098563 10.234344 0.097058
39.329556 -11.098563 10.266741 0.001641
43.190132 -11.098563 10.307546 0.202414
47.050707 -11.098563 10.271511 0.254467
50.911283 -11.098563 10.351303 0.165090
54.771859 -11.098563 10.240941 0.167380
58.632435 -11.098563 10.256205 0.135599
62.493011 -11.098563 10.211845 0.265592
66.353587 -11.098563 10.225741 0.260843
70.214163 -11.098563 10.125488 0.375714
74.074739 -11.098563 10.178487 0.524578
77.935315 -11.098563 10.076632 0.176734
81.795891 -11.098563 10.045959 0.268649
85.656467 -11.098563 9.905526 0.302288
89.517043 -11.098563 9.986644 0.342488
93.377618 -11.098563 10.107288 0.454655
97.238194 -11.098563 10.046926 0.285082
101.098770 -11.098563 10.065890 0.268482
104.959346 -11.098563 9.973251 0.328055
108.819922 -11.098563 10.003448 0.184619
112.680498 -11.098563 10.063058 0.181317
116.541074 -11.098563 9.984284 0.243405
120.401650 -11.098563 10.012219 0.249385
124.262226 -11.098563 10.050390 0.106149
128.122802 -11.098563 10.064371 0.104259
131.983378 -11.098563 10.099964 0.243063
135.843953 -11.098563 9.973276 0.101892
139.704529 -11.098563 10.044134 0.207227
143.565105 -11.098563 9.780968 0.148746
147.425681 -11.098563 10.008183 0.232194
151.286257 -11.098563 9.938469 0.125564
155.146833 -11.098563 9.882083 0.140998
159.007409 -11.098563 9.889459 0.136432
162.867985 -11.098563 9.960384 0.017801
-30.160811 -14.959139 0.000000 0.000000
-26.300235 -14.959139 10.454901 0.013447
-22.439659 -14.959139 9.746280 0.116962
-18.579083 -14.959139 9.905980 -0.257682
-14.718507 -14.959139 9.759562 0.179510
-10.857931 -14.959139 10.171031 -0.323137
-6.997355 -14.959139 10.011904 -0.260565
-3.136779 -14.959139 9.898945 -0.031818
0.723796 -14.959139 10.164477 0.032330
4.584372 -14.959139 10.182045 0.303860
8.444948 -14.959139 10.059895 0.048881
12.305524 -14.959139 10.401295 0.037342
16.166100 -14.959139 10.223158 -0.250446
20.026676 -14.959139 10.212619 0.027834
23.887252 -14.959139 10.169156 0.035927
27.747828 -14.959139 10.259436 0.478205
31.608404 -14.959139 10.255907 0.247983
35.468980 -14.959139 10.090726 0.250647
39.329556 -14.959139 10.547564 -0.063551
43.190132 -14.959139 10.273472 0.015663
47.050707 -14.959139 10.205026 0.248409
50.911283 -14.959139 10.220636 0.295817
54.771859 -14.959139 10.300318 0.352953
58.632435 -14.959139 10.265574 0.386995
62.493011 -14.959139 10.211661 0.344774
66.353587 -14.959139 10.307276 0.321700
70.214163 -14.959139 10.131397 0.311012
74.074739 -14.959139 10.106641 0.417514
77.935315 -14.959139 10.083075 0.234161
81.795891 -14.959139 10.150242 0.211919
85.656467 -14.959139 10.068771 0.445788
89.517043 -14.959139 10.250700 0.265715
93.377618 -14.959139 10.162330 0.338625
97.238194 -14.959139 10.041588 0.259887
101.098770 -14.959139 10.017730 0.295348
104.959346 -14.959139 10.046254 0.214898
108.819922 -14.959139 9.861609 0.280138
112.680498 -14.959139 10.087277 0.340303
116.541074 -14.959139 10.064273 0.378487
120.401650 -14.959139 9.971426 0.138124
124.262226 -14.959139 9.959617 0.159363
128.122802 -14.959139 10.029861 0.262131
131.983378 -14.959139 9.440196 0.293588
135.843953 -14.959139 9.969321 0.132587
139.704529 -14.959139 9.941997 0.206388
143.565105 -14.959139 10.081626 0.181247
147.425681 -14.959139 9.895864 0.117159
151.286257 -14.959139 9.746255 0.137473
155.146833 -14.959139 9.993449 0.228247
159.007409 -14.959139 9.838875 -0.036259
162.867985 -14.959139 9.902060 0.372227
-30.160811 -18.819715 0.000000 0.000000
-26.300235 -18.819715 0.000000 0.000000
-22.439659 -18.819715 10.160145 0.585739
-18.579083 -18.819715 10.078165 0.635127
-14.718507 -18.819715 10.000033 -0.216208
-10.857931 -18.819715 10.259616 -0.098107
-6.997355 -18.819715 10.076770 0.067124
-3.136779 -18.819715 10.161538 -0.228003
0.723796 -18.819715 10.218547 0.107609
4.584372 -18.819715 10.065255 0.293619
8.444948 -18.819715 10.179100 0.001763
12.305524 -18.819715 9.990957 0.113906
16.166100 -18.819715 10.323356 0.318156
20.026676 -18.819715 10.249832 -0.051253
23.887252 -18.819715 10.168110 0.095435
27.747828 -18.819715 10.330091 -0.023380
31.608404 -18.819715 10.193600 0.141038
35.468980 -18.819715 10.239060 0.242843
39.329556 -18.819715 10.297256 -0.058354
43.190132 -18.819715 10.278776 0.551400
47.050707 -18.819715 10.242803 0.254297
50.911283 -18.819715 10.399991 0.242043
54.771859 -18.819715 10.064485 0.364034
58.632435 -18.819715 10.160611 0.362688
62.493011 -18.819715 10.230092 0.230415
66.353587 -18.819715 10.282909 0.318409
70.214163 -18.819715 10.322586 0.301035
74.074739 -18.819715 10.261644 0.267790
77.935315 -18.819715 9.887011 0.296184
81.795891 -18.819715 10.125010 0.348635
85.656467 -18.819715 9.992204 0.139849
89.517043 -18.819715 10.222200 0.192939
93.377618 -18.819715 10.038397 0.172463
97.238194 -18.819715 10.115777 0.142868
101.098770 -18.819715 10.089343 0.371047
104.959346 -18.819715 10.148732 0.400799
108.819922 -18.819715 10.027278 0.234055
112.680498 -18.819715 9.961943 0.218191
116.541074 -18.819715 9.932977 0.270093
120.401650 -18.819715 10.042082 0.214620
124.262226 -18.819715 10.081446 0.097159
128.122802 -18.819715 9.805500 0.147565
131.983378 -18.819715 10.007792 0.211425
135.843953 -18.819715 9.930270 0.060802
139.704529 -18.819715 9.941408 0.143558
143.565105 -18.819715 9.929820 0.224568
147.425681 -18.819715 9.995925 0.386817
151.286257 -18.819715 10.067568 0.284203
155.146833 -18.819715 9.960001 0.268040
159.007409 -18.819715 10.071001 0.300133
162.867985 -18.819715 9.955988 -0.125404
-30.160811 -22.680291 0.000000 0.000000
-26.300235 -22.680291 10.357716 -0.518135
-22.439659 -22.680291 10.213610 0.423575
-18.579083 -22.680291 10.011284 0.119118
-14.718507 -22.680291 10.103248 -0.040416
-10.857931 -22.680291 10.099731 -0.046761
-6.997355 -22.680291 10.332526 -0.146741
-3.136779 -22.680291 9.765793 0.206674
0.723796 -22.680291 9.995247 0.040611
4.584372 -22.680291 10.155052 0.051602
8.444948 -22.680291 10.131299 0.054106
12.305524 -22.680291 10.237688 0.075248
16.166100 -22.680291 10.249676 0.197371
20.026676 -22.680291 10.272701 -0.141360
23.887252 -22.680291 10.200463 0.239030
27.747828 -22.680291 10.206238 0.438019
31.608404 -22.680291 10.152929 0.048872
35.468980 -22.680291 10.138309 0.132906
39.329556 -22.680291 10.331002 0.305806
43.190132 -22.680291 10.317410 0.253002
47.050707 -22.680291 10.204991 0.228491
50.911283 -22.680291 10.155282 0.137514
54.771859 -22.680291 10.226523 0.253131
58.632435 -22.680291 10.146391 0.337579
62.493011 -22.680291 10.202574 0.049878
66.353587 -22.680291 10.220559 0.215418
70.214163 -22.680291 10.241385 0.328709
74.074739 -22.680291 10.096666 0.191029
77.935315 -22.680291 10.222470 0.279142
81.795891 -22.680291 10.046082 0.151004
85.656467 -22.680291 10.135901 0.276628
89.517043 -22.680291 10.048553 0.322343
93.377618 -22.680291 10.150696 0.327018
97.238194 -22.680291 10.015294 0.230700
101.098770 -22.680291 9.900311 0.278085
104.959346 -22.680291 9.909954 0.386158
108.819922 -22.680291 10.035660 0.380055
112.680498 -22.680291 10.017242 0.206374
116.541074 -22.680291 10.029082 0.245382
120.401650 -22.680291 9.998925 0.338521
124.262226 -22.680291 10.163839 0.240351
128.122802 -22.680291 9.987886 0.232631
131.983378 -22.680291 9.901301 0.220014
135.843953 -22.680291 10.107463 0.099258
139.704529 -22.680291 9.904609 0.248449
143.565105 -22.680291 10.040452 0.142058
147.425681 -22.680291 9.970727 0.170148
151.286257 -22.680291 10.004243 0.169306
155.146833 -22.680291 10.119462 0.557496
159.007409 -22.680291 10.002736 0.196638
162.867985 -22.680291 9.833733 0.375063
-30.160811 -26.540867 0.000000 0.000000
-26.300235 -26.540867 9.517476 0.240202
-22.439659 -26.540867 9.870851 0.386892
-18.579083 -26.540867 10.032426 -0.299129
-14.718507 -26.540867 10.200135 0.006747
-10.857931 -26.540867 10.160336 0.208996
-6.997355 -26.540867 9.945636 -0.272170
-3.136779 -26.540867 10.068587 0.355412
0.723796 -26.540867 10.204090 0.043087
4.584372 -26.540867 9.832638 -0.058845
8.444948 -26.540867 10.117299 0.134817
12.305524 -26.540867 10.209306 -0.209673
16.166100 -26.540867 10.060625 0.123349
20.026676 -26.540867 10.198450 0.153367
23.887252 -26.540867 10.110430 0.013197
27.747828 -26.540867 9.951015 0.252939
31.608404 -26.540867 10.232472 0.279489
35.468980 -26.540867 10.310709 0.168675
39.329556 -26.540867 10.107656 0.123669
43.190132 -26.540867 10.315584 0.277754
47.050707 -26.540867 10.155006 0.215567
50.911283 -26.540867 10.076153 0.234819
54.771859 -26.540867 10.196834 0.189975
58.632435 -26.540867 10.138113 0.226190
62.493011 -26.540867 10.108006 0.308710
66.353587 -26.540867 10.220403 0.357985
70.214163 -26.540867 10.034467 0.271495
74.074739 -26.540867 9.997950 0.411411
77.935315 -26.540867 10.151911 0.380005
81.795891 -26.540867 10.065071 0.461748
85.656467 -26.540867 9.999837 0.163331
89.517043 -26.540867 10.112764 0.350916
93.377618 -26.540867 10.108313 0.406057
97.238194 -26.540867 10.024486 0.455106
101.098770 -26.540867 10.121370 0.226997
104.959346 -26.540867 9.824341 0.293440
108.819922 -26.540867 10.198071 0.180342
112.680498 -26.540867 10.044180 0.253847
116.541074 -26.540867 10.053900 0.202992
120.401650 -26.540867 9.925705 0.417867
124.262226 -26.540867 9.824197 0.317219
128.122802 -26.540867 9.994443 0.037448
131.983378 -26.540867 10.002874 0.113916
135.843953 -26.540867 10.010615 0.132019
139.704529 -26.540867 10.116152 0.206459
143.565105 -26.540867 10.058643 0.098374
147.425681 -26.540867 10.089379 0.276198
151.286257 -26.540867 10.111960 0.279846
155.146833 -26.540867 9.917124 0.033893
159.007409 -26.540867 9.935526 0.303058
162.867985 -26.540867 9.582117 -0.152618
-30.160811 -30.401443 0.000000 0.000000
-26.300235 -30.401443 0.000000 0.000000
-22.439659 -30.401443 10.090960 -0.441838
-18.579083 -30.401443 0.000000 0.000000
-14.718507 -30.401443 9.979931 -0.068973
-10.857931 -30.401443 9.950136 0.005550
-6.997355 -30.401443 9.852040 0.130172
-3.136779 -30.401443 9.928644 0.113442
0.723796 -30.401443 10.239333 0.209608
4.584372 -30.401443 10.199306 0.022540
8.444948 -30.401443 10.109666 0.270677
12.305524 -30.401443 10.283164 -0.025433
16.166100 -30.401443 10.170343 0.208134
20.026676 -30.401443 10.075490 0.287336
23.887252 -30.401443 10.157767 0.092396
27.747828 -30.401443 10.127402 0.135774
31.608404 -30.401443 10.324307 0.104782
35.468980 -30.401443 10.235925 0.142168
39.329556 -30.401443 10.266799 0.282333
43.190132 -30.401443 10.160179 0.171059
47.050707 -30.401443 10.202286 0.144712
50.911283 -30.401443 10.170865 0.228976
54.771859 -30.401443 10.071112 0.187516
58.632435 -30.401443 10.198628 0.260939
62.493011 -30.401443 10.245476 0.125008
66.353587 -30.401443 10.146216 0.217413
70.214163 -30.401443 10.166146 0.335793
74.074739 -30.401443 9.953680 0.328238
77.935315 -30.401443 10.079497 0.238633
81.795891 -30.401443 10.150760 0.411700
85.656467 -30.401443 10.208437 0.334752
89.517043 -30.401443 10.169120 0.386397
93.377618 -30.401443 9.971761 0.487315
97.238194 -30.401443 10.008532 0.405467
101.098770 -30.401443 9.831164 0.238979
104.959346 -30.401443 9.842628 0.264702
108.819922 -30.401443 10.111126 0.177531
112.680498 -30.401443 10.030275 0.269384
116.541074 -30.401443 10.036080 0.296667
120.401650 -30.401443 9.936032 0.185857
124.262226 -30.401443 10.055729 0.123272
128.122802 -30.401443 10.049589 0.103036
131.983378 -30.401443 10.071379 0.274022
135.843953 -30.401443 10.043990 0.168730
139.704529 -30.401443 9.987380 0.223559
143.565105 -30.401443 10.015604 0.268404
147.425681 -30.401443 9.869083 0.218886
151.286257 -30.401443 10.070176 0.164708
155.146833 -30.401443 9.809074 0.059592
159.007409 -30.401443 9.988786 -0.047531
162.867985 -30.401443 9.914132 0.216199
-30.160811 -34.262019 10.584145 -0.376406
-26.300235 -34.262019 0.000000 0.000000
-22.439659 -34.262019 9.971025 0.196491
-18.579083 -34.262019 10.226180 0.019507
-14.718507 -34.262019 10.398973 0.183643
-10.857931 -34.262019 0.000000 0.000000
-6.997355 -34.262019 9.739051 0.192499
-3.136779 -34.262019 10.169033 0.249935
0.723796 -34.262019 10.219915 0.028724
4.584372 -34.262019 10.224845 0.325682
8.444948 -34.262019 10.098204 0.152904
12.305524 -34.262019 10.112356 0.072452
16.166100 -34.262019 10.491298 0.213721
20.026676 -34.262019 10.186380 0.430260
23.887252 -34.262019 10.102210 0.210230
27.747828 -34.262019 10.012300 0.160535
31.608404 -34.262019 10.306488 0.211389
35.468980 -34.262019 10.229525 -0.054671
39.329556 -34.262019 10.207965 0.395416
43.190132 -34.262019 10.165205 0.168821
47.050707 -34.262019 10.240624 0.124148
50.911283 -34.262019 10.081893 0.004710
54.771859 -34.262019 10.208134 0.346729
58.632435 -34.262019 10.074217 0.247627
62.493011 -34.262019 10.283341 0.376294
66.353587 -34.262019 10.064414 0.103963
70.214163 -34.262019 10.081983 0.334745
74.074739 -34.262019 10.211229 0.284297
77.935315 -34.262019 10.058594 0.060729
81.795891 -34.262019 10.057514 0.303842
85.656467 -34.262019 10.124743 0.298600
89.517043 -34.262019 9.898942 0.100335
93.377618 -34.262019 10.211665 0.347562
97.238194 -34.262019 9.955368 0.166030
101.098770 -34.262019 10.021120 0.250624
104.959346 -34.262019 9.905133 0.387985
108.819922 -34.262019 10.181601 0.299889
112.680498 -34.262019 10.079399 0.242211
116.541074 -34.262019 10.067713 0.401940
120.401650 -34.262019 10.123064 0.263723
124.262226 -34.262019 9.568409 -0.055760
128.122802 -34.262019 9.952174 0.244987
131.983378 -34.262019 9.981363 0.121637
135.843953 -34.262019 10.060748 0.117320
139.704529 -34.262019 10.053519 0.210342
143.565105 -34.262019 9.973874 0.086004
147.425681 -34.262019 9.896353 0.193705
151.286257 -34.262019 9.812980 0.120725
155.146833 -34.262019 9.964068 0.116600
159.007409 -34.262019 9.938444 -0.121075
162.867985 -34.262019 9.962688 0.063462
-30.160811 -38.122595 0.000000 0.000000
-26.300235 -38.122595 0.000000 0.000000
-22.439659 -38.122595 9.359416 0.463923
-18.579083 -38.122595 10.042953 -0.178693
-14.718507 -38.122595 10.473877 0.154066
-10.857931 -38.122595 9.706873 0.292812
-6.997355 -38.122595 9.850859 -0.212925
-3.136779 -38.122595 10.289895 0.013721
0.723796 -38.122595 10.173734 0.472577
4.584372 -38.122595 10.107060 0.223136
8.444948 -38.122595 10.050756 0.051760
12.305524 -38.122595 10.214337 0.080719
16.166100 -38.122595 10.265086 0.070715
20.026676 -38.122595 10.087312 0.199255
23.887252 -38.122595 9.946639 0.244416
27.747828 -38.122595 10.166113 0.186512
31.608404 -38.122595 10.016126 0.157604
35.468980 -38.122595 10.278249 0.180254
39.329556 -38.122595 10.149088 0.076752
43.190132 -38.122595 10.195002 0.324492
47.050707 -38.122595 10.271591 0.257489
50.911283 -38.122595 10.186786 0.076945
54.771859 -38.122595 10.149489 0.285120
58.632435 -38.122595 10.056108 0.096587
62.493011 -38.122595 10.179042 0.034877
66.353587 -38.122595 10.107304 0.176970
70.214163 -38.122595 10.061270 0.163832
74.074739 -38.122595 10.037222 0.295409
77.935315 -38.122595 9.799662 0.232943
81.795891 -38.122595 10.324991 0.426589
85.656467 -38.122595 10.030254 0.317262
89.517043 -38.122595 10.198684 0.423371
93.377618 -38.122595 10.012281 0.446112
97.238194 -38.122595 10.053630 0.319638
101.098770 -38.122595 9.947663 0.190408
104.959346 -38.122595 10.014018 0.185249
108.819922 -38.122595 9.869016 0.270222
112.680498 -38.122595 10.001334 0.298830
116.541074 -38.122595 9.968904 0.363273
120.401650 -38.122595 10.089272 0.204348
124.262226 -38.122595 10.094758 0.124361
128.122802 -38.122595 10.083246 0.294860
131.983378 -38.122595 9.766973 0.154932
135.843953 -38.122595 9.961043 -0.034401
139.704529 -38.122595 9.850742 0.178245
143.565105 -38.122595 10.169092 0.261475
147.425681 -38.122595 10.131100 0.086814
151.286257 -38.122595 9.803997 0.013139
155.146833 -38.122595 9.853316 0.139178
159.007409 -38.122595 10.049764 0.359257
162.867985 -38.122595 0.000000 0.000000
-30.160811 -41.983171 0.000000 0.000000
-26.300235 -41.983171 0.000000 0.000000
-22.439659 -41.983171 0.000000 0.000000
-18.579083 -41.983171 0.000000 0.000000
-14.718507 -41.983171 0.000000 0.000000
-10.857931 -41.983171 0.000000 0.000000
-6.997355 -41.983171 0.000000 0.000000
-3.136779 -41.983171 0.000000 0.000000
0.723796 -41.983171 0.000000 0.000000
4.584372 -41.983171 0.000000 0.000000
8.444948 -41.983171 0.000000 0.000000
12.305524 -41.983171 0.000000 0.000000
16.166100 -41.983171 0.000000 0.000000
20.026676 -41.983171 0.000000 0.000000
23.887252 -41.983171 0.000000 0.000000
27.747828 -41.983171 0.000000 0.000000
31.608404 -41.983171 0.000000 0.000000
35.468980 -41.983171 0.000000 0.000000
39.329556 -41.983171 0.000000 0.000000
43.190132 -41.983171 0.000000 0.000000
47.050707 -41.983171 0.000000 0.000000
50.911283 -41.983171 0.000000 0.000000
54.771859 -41.983171 0.000000 0.000000
58.632435 -41.983171 0.000000 0.000000
62.493011 -41.983171 0.000000 0.000000
66.353587 -41.983171 0.000000 0.000000
70.214163 -41.983171 0.000000 0.000000
74.074739 -41.983171 0.000000 0.000000
77.935315 -41.983171 0.000000 0.000000
81.795891 -41.983171 0.000000 0.000000
85.656467 -41.983171 0.000000 0.000000
89.517043 -41.983171 0.000000 0.000000
93.377618 -41.983171 0.000000 0.000000
97.238194 -41.983171 0.000000 0.000000
101.098770 -41.983171 0.000000 0.000000
104.959346 -41.983171 0.000000 0.000000
108.819922 -41.983171 0.000000 0.000000
112.680498 -41.983171 0.000000 0.000000
116.541074 -41.983171 0.000000 0.000000
120.401650 -41.983171 0.000000 0.000000
124.262226 -41.983171 0.000000 0.000000
128.122802 -41.983171 0.000000 0.000000
131.983378 -41.983171 0.000000 0.000000
135.843953 -41.983171 0.000000 0.000000
139.704529 -41.983171 0.000000 0.000000
143.565105 -41.983171 0.000000 0.000000
147.425681 -41.983171 0.000000 0.000000
151.286257 -41.983171 0.000000 0.000000
155.146833 -41.983171 0.000000 0.000000
159.007409 -41.983171 0.000000 0.000000
162.867985 -41.983171 0.000000 0.000000
