TITLE = "B00001"
VARIABLES = "position", "position(2)", "Vx", "Vy"
ZONE T="Frame 0", I=51, J=39
-30.160811 104.718714 10.257036 -0.170013
-26.300235 104.718714 9.574773 0.254177
-22.439659 104.718714 9.087195 0.405740
-18.579083 104.718714 10.038238 -0.122967
-14.718507 104.718714 9.424123 0.348842
-10.857931 104.718714 0.000000 0.000000
-6.997355 104.718714 0.000000 0.000000
-3.136779 104.718714 0.000000 0.000000
0.723796 104.718714 0.000000 0.000000
4.584372 104.718714 0.000000 0.000000
8.444948 104.718714 9.696208 0.048786
12.305524 104.718714 9.571410 0.358333
16.166100 104.718714 9.484076 0.336773
20.026676 104.718714 9.596525 0.188685
23.887252 104.718714 9.895619 0.356785
27.747828 104.718714 9.696969 0.745428
31.608404 104.718714 9.757011 0.328000
35.468980 104.718714 10.136187 0.497906
39.329556 104.718714 9.206164 0.200962
43.190132 104.718714 10.430101 0.213308
47.050707 104.718714 9.856277 0.134045
50.911283 104.718714 9.692465 0.381206
54.771859 104.718714 9.798134 0.144508
58.632435 104.718714 9.878982 0.215349
62.493011 104.718714 10.000745 -0.112988
66.353587 104.718714 10.033108 0.784914
70.214163 104.718714 9.689011 0.478365
74.074739 104.718714 10.302695 0.345350
77.935315 104.718714 9.287770 0.461651
81.795891 104.718714 0.000000 0.000000
85.656467 104.718714 0.000000 0.000000
89.517043 104.718714 0.000000 0.000000
93.377618 104.718714 9.954125 0.220181
97.238194 104.718714 9.635647 0.267849
101.098770 104.718714 0.000000 0.000000
104.959346 104.718714 10.018862 0.618112
108.819922 104.718714 0.000000 0.000000
112.680498 104.718714 9.727009 0.178432
116.541074 104.718714 9.494321 0.101384
120.401650 104.718714 9.861655 0.508848
124.262226 104.718714 10.053700 0.504470
128.122802 104.718714 9.798036 0.376501
131.983378 104.718714 9.559659 0.072567
135.843953 104.718714 9.771583 0.215152
139.704529 104.718714 9.694367 0.384039
143.565105 104.718714 9.836636 0.547453
147.425681 104.718714 9.326968 0.005144
151.286257 104.718714 9.864104 0.306577
155.146833 104.718714 9.974979 0.446423
159.007409 104.718714 9.825943 -0.180780
162.867985 104.718714 9.406585 0.537187
-30.160811 100.858138 9.943178 0.152172
-26.300235 100.858138 9.891379 0.457108
-22.439659 100.858138 9.088042 0.047777
-18.579083 100.858138 9.913979 0.121663
-14.718507 100.858138 9.311376 0.038284
-10.857931 100.858138 0.000000 0.000000
-6.997355 100.858138 0.000000 0.000000
-3.136779 100.858138 0.000000 0.000000
0.723796 100.858138 0.000000 0.000000
4.584372 100.858138 0.000000 0.000000
8.444948 100.858138 9.528558 0.522725
12.305524 100.858138 9.584658 0.404045
16.166100 100.858138 10.063700 0.520465
20.026676 100.858138 9.374772 0.469852
23.887252 100.858138 10.038495 0.364459
27.747828 100.858138 0.000000 0.000000
31.608404 100.858138 10.024961 0.554282
35.468980 100.858138 9.574589 0.416866
39.329556 100.858138 0.000000 0.000000
43.190132 100.858138 9.963108 0.453291
47.050707 100.858138 9.453300 0.202397
50.911283 100.858138 9.880426 0.674710
54.771859 100.858138 9.601962 0.032330
58.632435 100.858138 9.958817 1.374434
62.493011 100.858138 9.550844 0.044336
66.353587 100.858138 9.689011 0.664490
70.214163 100.858138 9.998456 0.429877
74.074739 100.858138 9.985825 0.330324
77.935315 100.858138 10.239916 0.571338
81.795891 100.858138 9.855719 0.426873
85.656467 100.858138 0.000000 0.000000
89.517043 100.858138 0.000000 0.000000
93.377618 100.858138 9.862613 0.368165
97.238194 100.858138 9.781980 0.272276
101.098770 100.858138 9.993964 0.548483
104.959346 100.858138 9.704065 -0.127871
108.819922 100.858138 9.976992 -0.233994
112.680498 100.858138 9.803224 0.468346
116.541074 100.858138 10.077620 0.168703
120.401650 100.858138 9.833319 -0.270527
124.262226 100.858138 9.406183 0.435441
128.122802 100.858138 9.887510 0.402558
131.983378 100.858138 10.143835 0.567831
135.843953 100.858138 9.605325 0.427473
139.704529 100.858138 9.652334 0.391079
143.565105 100.858138 9.924144 0.261524
147.425681 100.858138 9.724005 0.340138
151.286257 100.858138 9.994520 -0.310069
155.146833 100.858138 10.147943 0.400917
159.007409 100.858138 9.587616 0.081168
162.867985 100.858138 9.924996 0.228624
-30.160811 96.997562 9.738164 -0.303040
-26.300235 96.997562 9.942000 -0.267597
-22.439659 96.997562 9.361089 0.204876
-18.579083 96.997562 9.932833 0.227055
-14.718507 96.997562 9.868163 0.485836
-10.857931 96.997562 0.000000 0.000000
-6.997355 96.997562 0.000000 0.000000
-3.136779 96.997562 0.000000 0.000000
0.723796 96.997562 0.000000 0.000000
4.584372 96.997562 0.000000 0.000000
8.444948 96.997562 9.758221 0.415417
12.305524 96.997562 10.110568 0.600459
16.166100 96.997562 9.782007 0.191490
20.026676 96.997562 10.227644 0.608359
23.887252 96.997562 9.943690 0.043070
27.747828 96.997562 10.332382 0.444284
31.608404 96.997562 9.639629 0.182405
35.468980 96.997562 9.623399 -0.175894
39.329556 96.997562 9.320132 0.197205
43.190132 96.997562 9.921281 0.544621
47.050707 96.997562 9.754548 -0.141795
50.911283 96.997562 9.297910 0.299692
54.771859 96.997562 9.874235 0.045988
58.632435 96.997562 10.163857 0.352435
62.493011 96.997562 9.161388 0.643196
66.353587 96.997562 9.764667 0.382197
70.214163 96.997562 9.892318 0.080989
74.074739 96.997562 9.953499 -0.034785
77.935315 96.997562 9.683414 0.557100
81.795891 96.997562 9.960012 0.079857
85.656467 96.997562 0.000000 0.000000
89.517043 96.997562 0.000000 0.000000
93.377618 96.997562 9.988129 0.275474
97.238194 96.997562 9.829263 0.286638
101.098770 96.997562 9.724186 0.473909
104.959346 96.997562 9.950584 0.190064
108.819922 96.997562 9.983591 0.021636
112.680498 96.997562 10.004859 0.570199
116.541074 96.997562 9.636009 0.127998
120.401650 96.997562 9.710929 0.482666
124.262226 96.997562 9.789006 0.183505
128.122802 96.997562 9.701363 0.178870
131.983378 96.997562 9.629274 0.224924
135.843953 96.997562 9.873177 0.354223
139.704529 96.997562 9.883255 0.366066
143.565105 96.997562 9.806314 0.053627
147.425681 96.997562 9.806755 0.325578
151.286257 96.997562 9.636678 -0.015925
155.146833 96.997562 9.927500 -0.029983
159.007409 96.997562 10.159476 0.719458
162.867985 96.997562 9.971580 0.171091
-30.160811 93.136986 9.326593 0.362618
-26.300235 93.136986 9.807356 -0.094338
-22.439659 93.136986 9.998852 0.380038
-18.579083 93.136986 9.783575 0.406179
-14.718507 93.136986 9.626243 0.281178
-10.857931 93.136986 0.000000 0.000000
-6.997355 93.136986 0.000000 0.000000
-3.136779 93.136986 0.000000 0.000000
0.723796 93.136986 0.000000 0.000000
4.584372 93.136986 0.000000 0.000000
8.444948 93.136986 9.729107 0.632445
12.305524 93.136986 9.759908 0.202317
16.166100 93.136986 9.812449 0.460581
20.026676 93.136986 9.933980 0.441399
23.887252 93.136986 9.588634 0.296847
27.747828 93.136986 9.980379 0.416902
31.608404 93.136986 9.797983 0.765045
35.468980 93.136986 10.131621 0.629888
39.329556 93.136986 9.601419 0.045011
43.190132 93.136986 9.749292 0.542266
47.050707 93.136986 9.855216 0.028316
50.911283 93.136986 9.881049 0.053357
54.771859 93.136986 9.790832 -0.054953
58.632435 93.136986 9.663803 0.573152
62.493011 93.136986 9.972157 0.168991
66.353587 93.136986 10.157126 0.497939
70.214163 93.136986 9.658400 0.476730
74.074739 93.136986 9.988289 0.382395
77.935315 93.136986 9.892567 0.603519
81.795891 93.136986 9.844726 0.385388
85.656467 93.136986 0.000000 0.000000
89.517043 93.136986 0.000000 0.000000
93.377618 93.136986 9.475725 0.274720
97.238194 93.136986 9.540118 0.304420
101.098770 93.136986 9.882068 0.302823
104.959346 93.136986 9.992860 0.162729
108.819922 93.136986 9.834761 0.306089
112.680498 93.136986 9.730946 0.379558
116.541074 93.136986 9.702089 0.497568
120.401650 93.136986 9.842118 0.437854
124.262226 93.136986 9.915974 0.362381
128.122802 93.136986 9.966616 0.507774
131.983378 93.136986 9.891886 0.289844
135.843953 93.136986 9.742721 0.367373
139.704529 93.136986 10.212530 0.356782
143.565105 93.136986 9.798038 0.463900
147.425681 93.136986 9.554198 0.516603
151.286257 93.136986 9.743807 0.456281
155.146833 93.136986 9.835494 0.330987
159.007409 93.136986 9.810516 0.189551
162.867985 93.136986 9.824673 0.184517
-30.160811 89.276410 9.835258 0.707804
-26.300235 89.276410 9.297410 0.351456
-22.439659 89.276410 9.579906 0.108201
-18.579083 89.276410 9.463780 0.226768
-14.718507 89.276410 9.284920 0.318023
-10.857931 89.276410 0.000000 0.000000
-6.997355 89.276410 0.000000 0.000000
-3.136779 89.276410 0.000000 0.000000
0.723796 89.276410 0.000000 0.000000
4.584372 89.276410 0.000000 0.000000
8.444948 89.276410 9.755619 0.336887
12.305524 89.276410 10.042302 0.368507
16.166100 89.276410 10.022841 0.742521
20.026676 89.276410 0.000000 0.000000
23.887252 89.276410 9.788629 0.302237
27.747828 89.276410 9.867203 0.282752
31.608404 89.276410 9.719136 0.655522
35.468980 89.276410 9.645495 0.251720
39.329556 89.276410 9.838881 0.522685
43.190132 89.276410 9.871142 0.564269
47.050707 89.276410 10.088386 0.250837
50.911283 89.276410 9.808470 0.235857
54.771859 89.276410 10.127381 0.203095
58.632435 89.276410 9.843511 0.174710
62.493011 89.276410 9.582090 0.287237
66.353587 89.276410 9.851037 0.248921
70.214163 89.276410 9.729675 0.745068
74.074739 89.276410 9.733261 0.321853
77.935315 89.276410 9.787552 -0.069930
81.795891 89.276410 9.673940 0.181116
85.656467 89.276410 0.000000 0.000000
89.517043 89.276410 0.000000 0.000000
93.377618 89.276410 9.714353 0.507655
97.238194 89.276410 9.853525 0.467944
101.098770 89.276410 9.776116 0.473668
104.959346 89.276410 9.710684 0.409210
108.819922 89.276410 9.761503 0.334115
112.680498 89.276410 9.926604 0.384334
116.541074 89.276410 9.663164 0.161623
120.401650 89.276410 9.848960 0.164279
124.262226 89.276410 9.785797 0.193100
128.122802 89.276410 9.813266 0.350387
131.983378 89.276410 9.602423 0.175055
135.843953 89.276410 9.721032 0.567438
139.704529 89.276410 9.442320 0.161413
143.565105 89.276410 9.792568 0.274733
147.425681 89.276410 9.761089 0.254786
151.286257 89.276410 9.738907 0.292820
155.146833 89.276410 9.817557 0.231125
159.007409 89.276410 10.107527 0.186814
162.867985 89.276410 9.866880 0.325978
-30.160811 85.415835 9.558073 -0.194308
-26.300235 85.415835 9.720841 0.063517
-22.439659 85.415835 9.828005 0.533684
-18.579083 85.415835 9.780952 0.167248
-14.718507 85.415835 9.578743 0.377121
-10.857931 85.415835 0.000000 0.000000
-6.997355 85.415835 0.000000 0.000000
-3.136779 85.415835 0.000000 0.000000
0.723796 85.415835 0.000000 0.000000
4.584372 85.415835 0.000000 0.000000
8.444948 85.415835 9.955086 0.604472
12.305524 85.415835 10.019209 0.319399
16.166100 85.415835 9.871292 0.473447
20.026676 85.415835 9.769910 0.423383
23.887252 85.415835 9.553621 0.582578
27.747828 85.415835 9.913752 0.455811
31.608404 85.415835 9.948737 0.496640
35.468980 85.415835 9.918470 0.473224
39.329556 85.415835 9.908505 0.489481
43.190132 85.415835 10.214656 0.671392
47.050707 85.415835 10.075751 0.339862
50.911283 85.415835 10.148238 0.265607
54.771859 85.415835 9.839449 0.479953
58.632435 85.415835 9.928820 0.417095
62.493011 85.415835 10.196947 0.218744
66.353587 85.415835 9.741472 0.110110
70.214163 85.415835 9.976286 0.326653
74.074739 85.415835 9.987356 0.341291
77.935315 85.415835 9.767290 -0.014509
81.795891 85.415835 9.761666 0.349660
85.656467 85.415835 0.000000 0.000000
89.517043 85.415835 0.000000 0.000000
93.377618 85.415835 9.679465 0.320063
97.238194 85.415835 9.570375 0.421185
101.098770 85.415835 9.942092 0.460045
104.959346 85.415835 9.876603 0.515052
108.819922 85.415835 9.661468 0.275536
112.680498 85.415835 9.962207 0.110481
116.541074 85.415835 9.566195 0.292321
120.401650 85.415835 9.649769 0.312169
124.262226 85.415835 9.707904 0.505522
128.122802 85.415835 9.821918 0.310644
131.983378 85.415835 9.809117 0.256102
135.843953 85.415835 9.577417 0.164412
139.704529 85.415835 10.033883 0.407711
143.565105 85.415835 9.634444 0.277484
147.425681 85.415835 9.765722 0.243238
151.286257 85.415835 9.711809 0.176290
155.146833 85.415835 10.012287 0.248329
159.007409 85.415835 9.971444 0.401491
162.867985 85.415835 9.782713 0.153328
-30.160811 81.555259 9.565817 0.040005
-26.300235 81.555259 9.352086 -0.059610
-22.439659 81.555259 9.615140 0.179487
-18.579083 81.555259 9.883697 0.209593
-14.718507 81.555259 9.683355 0.362882
-10.857931 81.555259 0.000000 0.000000
-6.997355 81.555259 0.000000 0.000000
-3.136779 81.555259 0.000000 0.000000
0.723796 81.555259 0.000000 0.000000
4.584372 81.555259 0.000000 0.000000
8.444948 81.555259 9.793758 0.137133
12.305524 81.555259 9.734541 0.504950
16.166100 81.555259 9.785198 0.490358
20.026676 81.555259 9.848788 0.438828
23.887252 81.555259 9.822507 0.399803
27.747828 81.555259 9.893043 0.377222
31.608404 81.555259 9.807454 0.410098
35.468980 81.555259 10.240465 0.368769
39.329556 81.555259 9.994836 0.202756
43.190132 81.555259 10.153144 0.338820
47.050707 81.555259 9.881258 0.078085
50.911283 81.555259 9.906054 0.344421
54.771859 81.555259 10.134137 0.392722
58.632435 81.555259 9.678582 0.436243
62.493011 81.555259 9.926509 0.523759
66.353587 81.555259 10.003659 0.434970
70.214163 81.555259 9.609206 0.095363
74.074739 81.555259 9.915277 0.112914
77.935315 81.555259 9.937527 0.281433
81.795891 81.555259 9.890330 0.030276
85.656467 81.555259 0.000000 0.000000
89.517043 81.555259 0.000000 0.000000
93.377618 81.555259 9.937469 0.375350
97.238194 81.555259 9.709683 0.276657
101.098770 81.555259 9.635803 0.132272
104.959346 81.555259 9.789208 0.459177
108.819922 81.555259 9.829032 0.655819
112.680498 81.555259 9.661033 0.229330
116.541074 81.555259 9.874498 0.330370
120.401650 81.555259 9.764445 0.218451
124.262226 81.555259 9.908226 0.471770
128.122802 81.555259 9.923466 0.396807
131.983378 81.555259 9.633563 0.345034
135.843953 81.555259 9.497171 0.297551
139.704529 81.555259 9.927648 0.404123
143.565105 81.555259 9.839749 0.388400
147.425681 81.555259 9.628259 0.346378
151.286257 81.555259 9.802674 0.302856
155.146833 81.555259 9.587717 0.372409
159.007409 81.555259 9.418732 0.464693
162.867985 81.555259 9.713009 0.035317
-30.160811 77.694683 10.159133 -0.543711
-26.300235 77.694683 9.233376 0.303830
-22.439659 77.694683 9.631505 0.213919
-18.579083 77.694683 9.586757 0.360160
-14.718507 77.694683 9.545987 0.335353
-10.857931 77.694683 0.000000 0.000000
-6.997355 77.694683 0.000000 0.000000
-3.136779 77.694683 0.000000 0.000000
0.723796 77.694683 0.000000 0.000000
4.584372 77.694683 0.000000 0.000000
8.444948 77.694683 9.922757 0.510284
12.305524 77.694683 9.923368 0.640114
16.166100 77.694683 9.890422 0.529587
20.026676 77.694683 10.270480 0.563374
23.887252 77.694683 10.120861 0.611972
27.747828 77.694683 10.206014 0.651564
31.608404 77.694683 10.047537 0.682951
35.468980 77.694683 10.091610 0.456696
39.329556 77.694683 10.004534 0.418839
43.190132 77.694683 9.842639 0.228741
47.050707 77.694683 9.943151 0.449155
50.911283 77.694683 9.819104 0.337955
54.771859 77.694683 9.997143 0.326590
58.632435 77.694683 9.808209 0.257261
62.493011 77.694683 10.121702 -0.019039
66.353587 77.694683 9.659093 0.210107
70.214163 77.694683 9.784094 -0.013131
74.074739 77.694683 10.136950 0.111064
77.935315 77.694683 9.924668 0.369897
81.795891 77.694683 9.860769 -0.035725
85.656467 77.694683 0.000000 0.000000
89.517043 77.694683 0.000000 0.000000
93.377618 77.694683 9.732025 0.194567
97.238194 77.694683 9.934946 0.243738
101.098770 77.694683 9.805218 0.320491
104.959346 77.694683 9.965505 0.189670
108.819922 77.694683 9.938923 0.263154
112.680498 77.694683 9.671065 0.495140
116.541074 77.694683 9.864175 0.225546
120.401650 77.694683 9.557401 0.212796
124.262226 77.694683 9.893043 0.239904
128.122802 77.694683 9.853543 0.344336
131.983378 77.694683 9.790249 0.271038
135.843953 77.694683 9.783870 0.284912
139.704529 77.694683 9.895123 0.285538
143.565105 77.694683 9.835736 0.135518
147.425681 77.694683 9.793184 0.523873
151.286257 77.694683 9.860005 0.181512
155.146833 77.694683 9.918180 0.356109
159.007409 77.694683 9.981070 -0.083937
162.867985 77.694683 9.834589 0.380882
-30.160811 73.834107 9.848948 -0.550996
-26.300235 73.834107 9.004860 -0.351476
-22.439659 73.834107 9.194045 -0.045166
-18.579083 73.834107 9.685096 -0.087458
-14.718507 73.834107 9.262307 0.010433
-10.857931 73.834107 0.000000 0.000000
-6.997355 73.834107 0.000000 0.000000
-3.136779 73.834107 0.000000 0.000000
0.723796 73.834107 0.000000 0.000000
4.584372 73.834107 9.770069 0.370607
8.444948 73.834107 9.826909 0.583050
12.305524 73.834107 9.900043 0.644756
16.166100 73.834107 9.583164 0.500590
20.026676 73.834107 10.265443 0.438309
23.887252 73.834107 9.905475 0.503189
27.747828 73.834107 9.734495 0.506274
31.608404 73.834107 9.713325 0.431363
35.468980 73.834107 9.781170 0.435988
39.329556 73.834107 9.917480 0.604383
43.190132 73.834107 10.089162 0.305795
47.050707 73.834107 9.912924 0.513527
50.911283 73.834107 10.202350 0.301338
54.771859 73.834107 10.085676 0.099617
58.632435 73.834107 9.919210 0.152423
62.493011 73.834107 10.018902 0.347843
66.353587 73.834107 9.654923 0.293478
70.214163 73.834107 9.926034 0.150533
74.074739 73.834107 9.743383 0.672976
77.935315 73.834107 9.761949 -0.113296
81.795891 73.834107 9.720425 0.270131
85.656467 73.834107 0.000000 0.000000
89.517043 73.834107 0.000000 0.000000
93.377618 73.834107 9.815711 0.288707
97.238194 73.834107 9.765774 0.444499
101.098770 73.834107 9.745399 0.336714
104.959346 73.834107 9.815907 0.291231
108.819922 73.834107 9.764397 0.059506
112.680498 73.834107 9.739747 0.419629
116.541074 73.834107 9.724180 0.266479
120.401650 73.834107 9.796296 0.295389
124.262226 73.834107 10.030714 0.221505
128.122802 73.834107 9.629363 0.137325
131.983378 73.834107 9.943325 0.210737
135.843953 73.834107 9.580730 0.265445
139.704529 73.834107 9.851405 0.285122
143.565105 73.834107 9.711380 0.378263
147.425681 73.834107 9.609516 0.428700
151.286257 73.834107 9.933962 0.220632
155.146833 73.834107 9.818871 0.278225
159.007409 73.834107 9.773681 0.432870
162.867985 73.834107 10.008759 0.311126
-30.160811 69.973531 9.253121 -0.295592
-26.300235 69.973531 9.402655 -0.100016
-22.439659 69.973531 9.352875 0.250687
-18.579083 69.973531 9.351795 0.223695
-14.718507 69.973531 9.040370 0.320825
-10.857931 69.973531 0.000000 0.000000
-6.997355 69.973531 0.000000 0.000000
-3.136779 69.973531 0.000000 0.000000
0.723796 69.973531 0.000000 0.000000
4.584372 69.973531 9.371419 0.524169
8.444948 69.973531 9.853510 0.438165
12.305524 69.973531 9.674762 0.605954
16.166100 69.973531 9.959270 0.564416
20.026676 69.973531 9.721517 0.690468
23.887252 69.973531 10.101111 0.546098
27.747828 69.973531 9.769183 0.336494
31.608404 69.973531 10.193861 0.393975
35.468980 69.973531 9.938401 0.327232
39.329556 69.973531 10.086425 0.113109
43.190132 69.973531 9.710840 0.692476
47.050707 69.973531 10.015168 0.373190
50.911283 69.973531 9.871213 0.156206
54.771859 69.973531 9.984428 0.137801
58.632435 69.973531 9.643950 0.297598
62.493011 69.973531 9.903149 0.439012
66.353587 69.973531 9.983907 -0.020030
70.214163 69.973531 10.248718 0.213703
74.074739 69.973531 9.812038 -0.071990
77.935315 69.973531 9.950501 0.120455
81.795891 69.973531 9.989169 0.177689
85.656467 69.973531 0.000000 0.000000
89.517043 69.973531 0.000000 0.000000
93.377618 69.973531 9.840700 0.189431
97.238194 69.973531 9.770595 0.248383
101.098770 69.973531 9.554379 0.319084
104.959346 69.973531 9.831714 0.424805
108.819922 69.973531 9.809372 0.343192
112.680498 69.973531 9.810102 0.340446
116.541074 69.973531 9.751329 0.355803
120.401650 69.973531 9.813093 0.325989
124.262226 69.973531 9.679941 0.433793
128.122802 69.973531 10.041268 0.291094
131.983378 69.973531 9.656814 0.466984
135.843953 69.973531 9.749277 0.375565
139.704529 69.973531 9.760341 0.344258
143.565105 69.973531 9.656317 0.455799
147.425681 69.973531 10.054164 0.404131
151.286257 69.973531 9.844940 0.235876
155.146833 69.973531 9.803574 0.394851
159.007409 69.973531 9.853866 0.382958
162.867985 69.973531 9.720253 0.179720
-30.160811 66.112955 9.250182 -0.264102
-26.300235 66.112955 9.383580 -0.319761
-22.439659 66.112955 8.959676 0.108691
-18.579083 66.112955 9.302936 0.068379
-14.718507 66.112955 9.144311 0.365824
-10.857931 66.112955 0.000000 0.000000
-6.997355 66.112955 0.000000 0.000000
-3.136779 66.112955 0.000000 0.000000
0.723796 66.112955 0.000000 0.000000
4.584372 66.112955 9.503341 0.754778
8.444948 66.112955 9.453012 0.605863
12.305524 66.112955 9.896292 0.680424
16.166100 66.112955 9.949223 0.632080
20.026676 66.112955 10.244002 0.435105
23.887252 66.112955 10.246795 0.752371
27.747828 66.112955 10.149247 0.660641
31.608404 66.112955 10.073204 0.549530
35.468980 66.112955 9.369593 0.441732
39.329556 66.112955 10.193544 0.687402
43.190132 66.112955 10.316413 0.557691
47.050707 66.112955 10.122012 0.272695
50.911283 66.112955 10.015904 0.391337
54.771859 66.112955 9.938794 0.364883
58.632435 66.112955 10.012380 0.405502
62.493011 66.112955 9.818855 0.251183
66.353587 66.112955 10.285582 0.280007
70.214163 66.112955 9.749897 -0.017053
74.074739 66.112955 9.726527 -0.125047
77.935315 66.112955 10.068587 -0.107815
81.795891 66.112955 9.910549 -0.089058
85.656467 66.112955 9.682583 0.322809
89.517043 66.112955 0.000000 0.000000
93.377618 66.112955 9.742101 0.248556
97.238194 66.112955 9.874572 0.401161
101.098770 66.112955 9.507691 0.446803
104.959346 66.112955 9.584103 0.400180
108.819922 66.112955 9.574739 0.404002
112.680498 66.112955 9.658213 0.433907
116.541074 66.112955 9.756033 0.374740
120.401650 66.112955 9.790895 0.333715
124.262226 66.112955 9.697002 0.453510
128.122802 66.112955 9.932075 0.365971
131.983378 66.112955 9.834948 0.302049
135.843953 66.112955 9.885891 0.519369
139.704529 66.112955 9.654074 0.432213
143.565105 66.112955 9.892060 0.514466
147.425681 66.112955 9.753520 0.339762
151.286257 66.112955 9.856424 0.291283
155.146833 66.112955 9.817487 0.284435
159.007409 66.112955 10.003319 0.340796
162.867985 66.112955 9.683641 0.115209
-30.160811 62.252379 9.309790 -0.054016
-26.300235 62.252379 9.366093 -0.159908
-22.439659 62.252379 9.526524 0.151032
-18.579083 62.252379 9.172866 -0.088139
-14.718507 62.252379 9.067719 0.094274
-10.857931 62.252379 0.000000 0.000000
-6.997355 62.252379 0.000000 0.000000
-3.136779 62.252379 0.000000 0.000000
0.723796 62.252379 0.000000 0.000000
4.584372 62.252379 9.738720 0.757004
8.444948 62.252379 9.849340 0.894756
12.305524 62.252379 9.744218 0.861735
16.166100 62.252379 10.155571 0.704567
20.026676 62.252379 9.842136 0.820420
23.887252 62.252379 10.101501 0.680958
27.747828 62.252379 10.011397 0.589170
31.608404 62.252379 9.916197 0.638905
35.468980 62.252379 10.245423 0.417917
39.329556 62.252379 10.007851 0.441104
43.190132 62.252379 10.342354 0.242778
47.050707 62.252379 10.196020 0.401860
50.911283 62.252379 9.920323 0.038891
54.771859 62.252379 10.143139 0.296230
58.632435 62.252379 9.889673 0.155883
62.493011 62.252379 10.017353 -0.049519
66.353587 62.252379 9.878579 -0.212782
70.214163 62.252379 10.065016 0.229304
74.074739 62.252379 10.222762 0.050503
77.935315 62.252379 9.584222 0.270456
81.795891 62.252379 9.718817 0.239403
85.656467 62.252379 9.775267 0.114512
89.517043 62.252379 0.000000 0.000000
93.377618 62.252379 9.705820 0.266864
97.238194 62.252379 9.833183 0.278601
101.098770 62.252379 9.582225 0.227093
104.959346 62.252379 9.750636 0.365238
108.819922 62.252379 9.727838 0.346413
112.680498 62.252379 9.472497 0.250172
116.541074 62.252379 9.742091 0.242126
120.401650 62.252379 9.854632 0.454087
124.262226 62.252379 9.681232 0.423062
128.122802 62.252379 9.495204 0.350746
131.983378 62.252379 9.716323 0.480258
135.843953 62.252379 9.738649 0.380506
139.704529 62.252379 9.923809 0.379443
143.565105 62.252379 9.870642 0.432708
147.425681 62.252379 9.894773 0.525480
151.286257 62.252379 9.999834 -0.008617
155.146833 62.252379 9.714476 0.410449
159.007409 62.252379 10.040774 0.375001
162.867985 62.252379 9.789543 0.245941
-30.160811 58.391803 9.237109 -0.416785
-26.300235 58.391803 9.008959 -0.349736
-22.439659 58.391803 9.237131 0.046847
-18.579083 58.391803 8.987691 0.359157
-14.718507 58.391803 9.127995 0.153841
-10.857931 58.391803 0.000000 0.000000
-6.997355 58.391803 0.000000 0.000000
-3.136779 58.391803 0.000000 0.000000
0.723796 58.391803 9.418591 0.858537
4.584372 58.391803 9.483180 0.792092
8.444948 58.391803 9.673955 0.899188
12.305524 58.391803 9.759562 0.771674
16.166100 58.391803 9.268867 0.968746
20.026676 58.391803 10.170205 0.757878
23.887252 58.391803 9.840805 0.717017
27.747828 58.391803 10.133119 0.812285
31.608404 58.391803 10.380490 0.603399
35.468980 58.391803 10.187905 0.496774
39.329556 58.391803 10.129878 0.423045
43.190132 58.391803 10.100038 0.294434
47.050707 58.391803 10.234329 0.558972
50.911283 58.391803 10.120598 0.054605
54.771859 58.391803 10.290217 0.371957
58.632435 58.391803 10.006065 -0.177531
62.493011 58.391803 10.027018 -0.114330
66.353587 58.391803 9.781762 0.043964
70.214163 58.391803 10.009716 -0.108648
74.074739 58.391803 10.058511 -0.140380
77.935315 58.391803 9.663435 0.078901
81.795891 58.391803 9.845404 0.037449
85.656467 58.391803 9.786733 0.142431
89.517043 58.391803 0.000000 0.000000
93.377618 58.391803 9.956067 0.106796
97.238194 58.391803 9.467269 0.455624
101.098770 58.391803 9.671804 0.267990
104.959346 58.391803 9.902201 0.411272
108.819922 58.391803 9.716942 0.492070
112.680498 58.391803 9.710380 0.445855
116.541074 58.391803 9.909082 0.263757
120.401650 58.391803 9.789556 0.164774
124.262226 58.391803 9.825010 0.432871
128.122802 58.391803 9.670632 0.418902
131.983378 58.391803 9.653451 0.317302
135.843953 58.391803 9.760638 0.454190
139.704529 58.391803 9.893126 0.504728
143.565105 58.391803 9.843667 0.448561
147.425681 58.391803 9.806682 0.296787
151.286257 58.391803 10.037955 0.241162
155.146833 58.391803 10.030938 0.435197
159.007409 58.391803 10.021523 0.356086
162.867985 58.391803 9.645268 0.310426
-30.160811 54.531227 9.934762 -0.682383
-26.300235 54.531227 8.969181 -0.289097
-22.439659 54.531227 8.998846 -0.396419
-18.579083 54.531227 8.829557 -0.318185
-14.718507 54.531227 8.723579 0.251974
-10.857931 54.531227 0.000000 0.000000
-6.997355 54.531227 0.000000 0.000000
-3.136779 54.531227 0.000000 0.000000
0.723796 54.531227 8.822642 1.074554
4.584372 54.531227 9.562178 0.753437
8.444948 54.531227 9.900062 1.094468
12.305524 54.531227 9.929120 1.245196
16.166100 54.531227 10.175857 0.976065
20.026676 54.531227 9.801539 0.465565
23.887252 54.531227 10.328639 0.625149
27.747828 54.531227 10.126770 0.468013
31.608404 54.531227 10.286898 0.545405
35.468980 54.531227 10.329299 0.341739
39.329556 54.531227 10.245046 0.381077
43.190132 54.531227 10.026136 0.174661
47.050707 54.531227 10.246868 0.184364
50.911283 54.531227 10.160102 0.001680
54.771859 54.531227 9.949498 0.029988
58.632435 54.531227 10.296231 0.307544
62.493011 54.531227 9.451766 -0.273804
66.353587 54.531227 9.932796 -0.040749
70.214163 54.531227 9.928037 -0.052597
74.074739 54.531227 9.940181 -0.268445
77.935315 54.531227 9.775273 0.036963
81.795891 54.531227 9.756282 0.106348
85.656467 54.531227 9.406487 0.149730
89.517043 54.531227 0.000000 0.000000
93.377618 54.531227 9.477689 0.468400
97.238194 54.531227 9.528313 0.176841
101.098770 54.531227 9.451582 0.402952
104.959346 54.531227 9.805604 0.417225
108.819922 54.531227 9.586210 0.431001
112.680498 54.531227 9.990332 0.578460
116.541074 54.531227 10.046481 0.320736
120.401650 54.531227 9.901430 0.285964
124.262226 54.531227 9.686516 0.076117
128.122802 54.531227 9.484097 0.366773
131.983378 54.531227 9.576856 0.781472
135.843953 54.531227 9.648364 0.507661
139.704529 54.531227 10.139071 0.292556
143.565105 54.531227 9.338087 0.449586
147.425681 54.531227 0.000000 0.000000
151.286257 54.531227 10.180167 -0.091434
155.146833 54.531227 9.953309 -0.224051
159.007409 54.531227 9.483800 0.449424
162.867985 54.531227 9.585759 0.504217
-30.160811 50.670651 8.877905 -0.681042
-26.300235 50.670651 8.930505 -0.691233
-22.439659 50.670651 8.891653 0.183962
-18.579083 50.670651 8.829055 -0.317635
-14.718507 50.670651 8.517007 0.378880
-10.857931 50.670651 0.000000 0.000000
-6.997355 50.670651 0.000000 0.000000
-3.136779 50.670651 0.000000 0.000000
0.723796 50.670651 9.068247 1.295881
4.584372 50.670651 9.614090 1.243791
8.444948 50.670651 9.913126 1.124584
12.305524 50.670651 10.148572 1.083433
16.166100 50.670651 10.225603 1.065962
20.026676 50.670651 10.020393 0.747942
23.887252 50.670651 10.241837 0.852305
27.747828 50.670651 10.326130 0.814035
31.608404 50.670651 10.442064 0.622681
35.468980 50.670651 10.294304 0.430300
39.329556 50.670651 10.191805 0.423747
43.190132 50.670651 10.159228 0.420622
47.050707 50.670651 0.000000 0.000000
50.911283 50.670651 0.000000 0.000000
54.771859 50.670651 0.000000 0.000000
58.632435 50.670651 10.176519 0.060603
62.493011 50.670651 10.302925 -0.005585
66.353587 50.670651 9.997483 0.054011
70.214163 50.670651 9.948894 -0.001020
74.074739 50.670651 9.914207 0.218960
77.935315 50.670651 9.823997 -0.069468
81.795891 50.670651 9.812863 -0.091828
85.656467 50.670651 9.587738 -0.024577
89.517043 50.670651 0.000000 0.000000
93.377618 50.670651 9.148754 0.237413
97.238194 50.670651 9.426126 0.412493
101.098770 50.670651 9.408325 0.239568
104.959346 50.670651 9.799404 0.107169
108.819922 50.670651 8.964828 0.438266
112.680498 50.670651 9.302929 0.486120
116.541074 50.670651 0.000000 0.000000
120.401650 50.670651 0.000000 0.000000
124.262226 50.670651 9.567216 0.109501
128.122802 50.670651 9.300463 -0.340915
131.983378 50.670651 0.000000 0.000000
135.843953 50.670651 0.000000 0.000000
139.704529 50.670651 8.746722 0.089852
143.565105 50.670651 8.627980 0.118165
147.425681 50.670651 8.824329 1.171471
151.286257 50.670651 9.154758 -0.442941
155.146833 50.670651 9.171685 -0.656109
159.007409 50.670651 8.589187 0.171154
162.867985 50.670651 8.526647 -0.326679
-30.160811 46.810075 9.476565 -0.457057
-26.300235 46.810075 8.715289 -1.279531
-22.439659 46.810075 8.852139 -0.363222
-18.579083 46.810075 8.518111 -0.567536
-14.718507 46.810075 8.073151 -0.229763
-10.857931 46.810075 7.505966 0.134880
-6.997355 46.810075 0.000000 0.000000
-3.136779 46.810075 8.509671 1.726014
0.723796 46.810075 0.000000 0.000000
4.584372 46.810075 0.000000 0.000000
8.444948 46.810075 0.000000 0.000000
12.305524 46.810075 0.000000 0.000000
16.166100 46.810075 0.000000 0.000000
20.026676 46.810075 0.000000 0.000000
23.887252 46.810075 0.000000 0.000000
27.747828 46.810075 0.000000 0.000000
31.608404 46.810075 0.000000 0.000000
35.468980 46.810075 0.000000 0.000000
39.329556 46.810075 0.000000 0.000000
43.190132 46.810075 0.000000 0.000000
47.050707 46.810075 0.000000 0.000000
50.911283 46.810075 0.000000 0.000000
54.771859 46.810075 0.000000 0.000000
58.632435 46.810075 0.000000 0.000000
62.493011 46.810075 0.000000 0.000000
66.353587 46.810075 0.000000 0.000000
70.214163 46.810075 0.000000 0.000000
74.074739 46.810075 0.000000 0.000000
77.935315 46.810075 0.000000 0.000000
81.795891 46.810075 0.000000 0.000000
85.656467 46.810075 0.000000 0.000000
89.517043 46.810075 0.000000 0.000000
93.377618 46.810075 0.000000 0.000000
97.238194 46.810075 0.000000 0.000000
101.098770 46.810075 0.000000 0.000000
104.959346 46.810075 0.000000 0.000000
108.819922 46.810075 0.000000 0.000000
112.680498 46.810075 0.000000 0.000000
116.541074 46.810075 0.000000 0.000000
120.401650 46.810075 0.000000 0.000000
124.262226 46.810075 0.000000 0.000000
128.122802 46.810075 0.000000 0.000000
131.983378 46.810075 0.000000 0.000000
135.843953 46.810075 8.810906 0.653221
139.704529 46.810075 9.315932 0.494962
143.565105 46.810075 9.169016 0.416096
147.425681 46.810075 9.127694 1.021530
151.286257 46.810075 8.083567 0.197569
155.146833 46.810075 8.761998 -0.955199
159.007409 46.810075 7.968593 -0.736515
162.867985 46.810075 8.325809 -0.046741
-30.160811 42.949499 8.972065 -0.814322
-26.300235 42.949499 9.110562 -1.203145
-22.439659 42.949499 8.712246 -1.104806
-18.579083 42.949499 8.686842 -0.799213
-14.718507 42.949499 7.842104 -0.989539
-10.857931 42.949499 0.000000 0.000000
-6.997355 42.949499 0.000000 0.000000
-3.136779 42.949499 0.000000 0.000000
0.723796 42.949499 0.000000 0.000000
4.584372 42.949499 0.000000 0.000000
8.444948 42.949499 0.000000 0.000000
12.305524 42.949499 0.000000 0.000000
16.166100 42.949499 0.000000 0.000000
20.026676 42.949499 0.000000 0.000000
23.887252 42.949499 0.000000 0.000000
27.747828 42.949499 0.000000 0.000000
31.608404 42.949499 0.000000 0.000000
35.468980 42.949499 0.000000 0.000000
39.329556 42.949499 0.000000 0.000000
43.190132 42.949499 0.000000 0.000000
47.050707 42.949499 0.000000 0.000000
50.911283 42.949499 0.000000 0.000000
54.771859 42.949499 0.000000 0.000000
58.632435 42.949499 0.000000 0.000000
62.493011 42.949499 0.000000 0.000000
66.353587 42.949499 0.000000 0.000000
70.214163 42.949499 0.000000 0.000000
74.074739 42.949499 0.000000 0.000000
77.935315 42.949499 0.000000 0.000000
81.795891 42.949499 0.000000 0.000000
85.656467 42.949499 0.000000 0.000000
89.517043 42.949499 0.000000 0.000000
93.377618 42.949499 0.000000 0.000000
97.238194 42.949499 0.000000 0.000000
101.098770 42.949499 0.000000 0.000000
104.959346 42.949499 8.856935 0.227541
108.819922 42.949499 8.167893 0.586597
112.680498 42.949499 8.484169 0.323375
116.541074 42.949499 8.963640 1.025739
120.401650 42.949499 0.000000 0.000000
124.262226 42.949499 8.925509 0.078758
128.122802 42.949499 0.000000 0.000000
131.983378 42.949499 9.603616 1.096220
135.843953 42.949499 9.728371 0.999565
139.704529 42.949499 9.881914 0.407387
143.565105 42.949499 9.657234 0.493119
147.425681 42.949499 9.540827 0.629968
151.286257 42.949499 8.962168 0.415633
155.146833 42.949499 9.167881 -1.008010
159.007409 42.949499 9.624074 -1.025727
162.867985 42.949499 10.568816 -0.003924
-30.160811 39.088924 9.777038 -1.194062
-26.300235 39.088924 8.954221 -1.257729
-22.439659 39.088924 8.924700 -1.362362
-18.579083 39.088924 8.773737 -1.458767
-14.718507 39.088924 8.393279 -2.375547
-10.857931 39.088924 0.000000 0.000000
-6.997355 39.088924 0.000000 0.000000
-3.136779 39.088924 0.000000 0.000000
0.723796 39.088924 0.000000 0.000000
4.584372 39.088924 0.000000 0.000000
8.444948 39.088924 0.000000 0.000000
12.305524 39.088924 0.000000 0.000000
16.166100 39.088924 0.000000 0.000000
20.026676 39.088924 0.000000 0.000000
23.887252 39.088924 0.000000 0.000000
27.747828 39.088924 0.000000 0.000000
31.608404 39.088924 0.000000 0.000000
35.468980 39.088924 0.000000 0.000000
39.329556 39.088924 0.000000 0.000000
43.190132 39.088924 0.000000 0.000000
47.050707 39.088924 0.000000 0.000000
50.911283 39.088924 0.000000 0.000000
54.771859 39.088924 0.000000 0.000000
58.632435 39.088924 0.000000 0.000000
62.493011 39.088924 0.000000 0.000000
66.353587 39.088924 0.000000 0.000000
70.214163 39.088924 0.000000 0.000000
74.074739 39.088924 0.000000 0.000000
77.935315 39.088924 0.000000 0.000000
81.795891 39.088924 0.000000 0.000000
85.656467 39.088924 0.000000 0.000000
89.517043 39.088924 0.000000 0.000000
93.377618 39.088924 0.000000 0.000000
97.238194 39.088924 9.674130 1.026581
101.098770 39.088924 9.653257 0.754566
104.959346 39.088924 9.782698 0.673099
108.819922 39.088924 10.043312 0.677712
112.680498 39.088924 10.058119 0.682747
116.541074 39.088924 9.247106 0.704263
120.401650 39.088924 9.271592 0.417057
124.262226 39.088924 9.691088 -0.035900
128.122802 39.088924 10.134695 0.641964
131.983378 39.088924 9.961688 1.070280
135.843953 39.088924 9.692382 0.664637
139.704529 39.088924 9.775460 0.667061
143.565105 39.088924 9.710904 0.556428
147.425681 39.088924 9.472721 0.442101
151.286257 39.088924 9.919968 0.129117
155.146833 39.088924 9.627056 -0.100487
159.007409 39.088924 10.005713 -0.002591
162.867985 39.088924 10.660783 0.718846
-30.160811 35.228348 9.383655 -0.969004
-26.300235 35.228348 9.775055 -1.389684
-22.439659 35.228348 0.000000 0.000000
-18.579083 35.228348 0.000000 0.000000
-14.718507 35.228348 0.000000 0.000000
-10.857931 35.228348 0.000000 0.000000
-6.997355 35.228348 0.000000 0.000000
-3.136779 35.228348 0.000000 0.000000
0.723796 35.228348 0.000000 0.000000
4.584372 35.228348 0.000000 0.000000
8.444948 35.228348 0.000000 0.000000
12.305524 35.228348 0.000000 0.000000
16.166100 35.228348 0.000000 0.000000
20.026676 35.228348 0.000000 0.000000
23.887252 35.228348 0.000000 0.000000
27.747828 35.228348 0.000000 0.000000
31.608404 35.228348 0.000000 0.000000
35.468980 35.228348 0.000000 0.000000
39.329556 35.228348 0.000000 0.000000
43.190132 35.228348 0.000000 0.000000
47.050707 35.228348 0.000000 0.000000
50.911283 35.228348 0.000000 0.000000
54.771859 35.228348 0.000000 0.000000
58.632435 35.228348 0.000000 0.000000
62.493011 35.228348 0.000000 0.000000
66.353587 35.228348 0.000000 0.000000
70.214163 35.228348 0.000000 0.000000
74.074739 35.228348 0.000000 0.000000
77.935315 35.228348 0.000000 0.000000
81.795891 35.228348 10.336702 1.431861
85.656467 35.228348 10.168644 1.369189
89.517043 35.228348 9.912705 1.411897
93.377618 35.228348 9.970257 1.241866
97.238194 35.228348 9.693404 1.098995
101.098770 35.228348 9.947824 0.909312
104.959346 35.228348 9.404640 0.789256
108.819922 35.228348 9.784073 0.810236
112.680498 35.228348 10.045312 0.787151
116.541074 35.228348 9.819666 0.562081
120.401650 35.228348 9.914369 0.475900
124.262226 35.228348 10.244123 0.696819
128.122802 35.228348 10.101256 0.630733
131.983378 35.228348 10.070468 0.667191
135.843953 35.228348 9.751533 0.724277
139.704529 35.228348 9.564912 0.662810
143.565105 35.228348 9.879055 0.509836
147.425681 35.228348 9.794875 0.278613
151.286257 35.228348 9.946927 0.316010
155.146833 35.228348 9.826007 0.102449
159.007409 35.228348 10.168634 -0.108286
162.867985 35.228348 10.127752 0.314841
-30.160811 31.367772 9.496625 -1.340369
-26.300235 31.367772 9.509085 -1.613313
-22.439659 31.367772 0.000000 0.000000
-18.579083 31.367772 0.000000 0.000000
-14.718507 31.367772 0.000000 0.000000
-10.857931 31.367772 0.000000 0.000000
-6.997355 31.367772 0.000000 0.000000
-3.136779 31.367772 0.000000 0.000000
0.723796 31.367772 0.000000 0.000000
4.584372 31.367772 0.000000 0.000000
8.444948 31.367772 0.000000 0.000000
12.305524 31.367772 0.000000 0.000000
16.166100 31.367772 0.000000 0.000000
20.026676 31.367772 0.000000 0.000000
23.887252 31.367772 0.000000 0.000000
27.747828 31.367772 0.000000 0.000000
31.608404 31.367772 0.000000 0.000000
35.468980 31.367772 0.000000 0.000000
39.329556 31.367772 0.000000 0.000000
43.190132 31.367772 0.000000 0.000000
47.050707 31.367772 0.000000 0.000000
50.911283 31.367772 0.000000 0.000000
54.771859 31.367772 0.000000 0.000000
58.632435 31.367772 0.000000 0.000000
62.493011 31.367772 10.811718 1.753555
66.353587 31.367772 10.357633 1.761127
70.214163 31.367772 10.570596 1.534503
74.074739 31.367772 10.367049 1.567962
77.935315 31.367772 10.452109 1.296685
81.795891 31.367772 10.167873 1.531551
85.656467 31.367772 9.928518 1.398801
89.517043 31.367772 10.036366 1.190282
93.377618 31.367772 9.975485 1.185592
97.238194 31.367772 9.843465 1.184440
101.098770 31.367772 10.010311 0.872797
104.959346 31.367772 10.026214 0.806828
108.819922 31.367772 9.880043 0.905598
112.680498 31.367772 9.855820 0.696769
116.541074 31.367772 10.072898 0.643438
120.401650 31.367772 9.970221 0.499780
124.262226 31.367772 9.993707 0.553112
128.122802 31.367772 10.129540 0.666997
131.983378 31.367772 9.989774 0.574654
135.843953 31.367772 10.073910 0.738267
139.704529 31.367772 9.925273 0.807908
143.565105 31.367772 9.818797 0.352918
147.425681 31.367772 10.023121 0.310365
151.286257 31.367772 9.797852 0.389697
155.146833 31.367772 10.098857 -0.079657
159.007409 31.367772 9.963004 0.349833
162.867985 31.367772 10.249804 0.521297
-30.160811 27.507196 9.343293 -1.276095
-26.300235 27.507196 9.869083 -1.332910
-22.439659 27.507196 0.000000 0.000000
-18.579083 27.507196 0.000000 0.000000
-14.718507 27.507196 0.000000 0.000000
-10.857931 27.507196 0.000000 0.000000
-6.997355 27.507196 0.000000 0.000000
-3.136779 27.507196 0.000000 0.000000
0.723796 27.507196 0.000000 0.000000
4.584372 27.507196 0.000000 0.000000
8.444948 27.507196 0.000000 0.000000
12.305524 27.507196 0.000000 0.000000
16.166100 27.507196 0.000000 0.000000
20.026676 27.507196 0.000000 0.000000
23.887252 27.507196 0.000000 0.000000
27.747828 27.507196 0.000000 0.000000
31.608404 27.507196 0.000000 0.000000
35.468980 27.507196 12.088289 0.891066
39.329556 27.507196 11.923860 1.367383
43.190132 27.507196 11.795331 1.214909
47.050707 27.507196 11.735708 1.381405
50.911283 27.507196 11.595572 1.206843
54.771859 27.507196 11.375203 1.805035
58.632435 27.507196 11.048337 1.662374
62.493011 27.507196 10.723468 1.618406
66.353587 27.507196 10.701447 1.542639
70.214163 27.507196 10.516883 1.363539
74.074739 27.507196 10.464587 1.576622
77.935315 27.507196 10.330262 1.287671
81.795891 27.507196 10.404446 1.317852
85.656467 27.507196 10.265507 1.153609
89.517043 27.507196 10.072281 1.258811
93.377618 27.507196 9.892168 1.075344
97.238194 27.507196 10.371918 0.954777
101.098770 27.507196 10.112288 0.944388
104.959346 27.507196 10.065804 0.690297
108.819922 27.507196 9.843545 0.925932
112.680498 27.507196 9.992940 0.754655
116.541074 27.507196 10.032957 0.703544
120.401650 27.507196 10.252704 0.548796
124.262226 27.507196 10.043612 0.593258
128.122802 27.507196 9.784739 0.608761
131.983378 27.507196 10.233541 0.654494
135.843953 27.507196 9.943270 0.717461
139.704529 27.507196 9.730712 0.517555
143.565105 27.507196 10.175019 0.383920
147.425681 27.507196 10.051951 0.491684
151.286257 27.507196 10.095936 0.560500
155.146833 27.507196 9.709371 0.275304
159.007409 27.507196 9.896978 0.322502
162.867985 27.507196 10.045273 0.441127
-30.160811 23.646620 10.306448 -0.882781
-26.300235 23.646620 10.185196 -1.009719
-22.439659 23.646620 10.433053 -1.452545
-18.579083 23.646620 10.534697 -1.462600
-14.718507 23.646620 10.823217 -1.540206
-10.857931 23.646620 11.123843 -1.872998
-6.997355 23.646620 11.919166 -1.716638
-3.136779 23.646620 12.103703 -1.387225
0.723796 23.646620 12.371990 -1.121848
4.584372 23.646620 12.576743 -0.531231
8.444948 23.646620 12.448282 -0.402057
12.305524 23.646620 12.548284 -0.048795
16.166100 23.646620 12.383358 0.235738
20.026676 23.646620 12.199612 0.646183
23.887252 23.646620 12.255075 0.360415
27.747828 23.646620 12.138342 0.626444
31.608404 23.646620 12.310131 0.629945
35.468980 23.646620 12.179746 0.911765
39.329556 23.646620 11.850278 1.038240
43.190132 23.646620 11.606186 1.159274
47.050707 23.646620 11.690552 1.362657
50.911283 23.646620 11.343648 1.374362
54.771859 23.646620 11.300004 1.340384
58.632435 23.646620 11.031741 1.489026
62.493011 23.646620 10.741076 1.300822
66.353587 23.646620 10.834643 1.328925
70.214163 23.646620 10.525366 1.532168
74.074739 23.646620 10.372268 1.364271
77.935315 23.646620 10.366074 1.204221
81.795891 23.646620 10.157700 1.259699
85.656467 23.646620 10.159580 1.265826
89.517043 23.646620 10.091656 1.114116
93.377618 23.646620 10.230279 0.963144
97.238194 23.646620 10.364463 1.114716
101.098770 23.646620 10.024443 0.802953
104.959346 23.646620 10.103014 0.838743
108.819922 23.646620 9.823961 1.110276
112.680498 23.646620 10.008876 0.631560
116.541074 23.646620 9.978875 0.550468
120.401650 23.646620 9.488470 0.664014
124.262226 23.646620 10.047772 0.447385
128.122802 23.646620 10.057603 0.681130
131.983378 23.646620 10.040032 0.899332
135.843953 23.646620 10.275267 0.721288
139.704529 23.646620 10.021808 0.522555
143.565105 23.646620 10.024550 0.387709
147.425681 23.646620 10.094046 0.442528
151.286257 23.646620 9.891640 0.586494
155.146833 23.646620 10.027100 0.352442
159.007409 23.646620 10.094598 0.398266
162.867985 23.646620 10.077675 0.341052
-30.160811 19.786044 10.232623 -0.895566
-26.300235 19.786044 10.836165 -1.607686
-22.439659 19.786044 10.447820 -1.526856
-18.579083 19.786044 11.196256 -1.319059
-14.718507 19.786044 10.778755 -1.517796
-10.857931 19.786044 11.153032 -1.553074
-6.997355 19.786044 11.634875 -1.326809
-3.136779 19.786044 11.620480 -1.372280
0.723796 19.786044 12.019370 -1.253199
4.584372 19.786044 12.509306 -0.711920
8.444948 19.786044 11.985615 -0.222812
12.305524 19.786044 12.192064 -0.164144
16.166100 19.786044 12.335044 0.019831
20.026676 19.786044 12.363931 0.530716
23.887252 19.786044 12.107097 0.353212
27.747828 19.786044 11.942416 0.634429
31.608404 19.786044 11.928220 0.593765
35.468980 19.786044 11.791837 0.908992
39.329556 19.786044 11.591302 1.046200
43.190132 19.786044 11.595647 1.058345
47.050707 19.786044 11.564033 1.215076
50.911283 19.786044 11.437556 1.259788
54.771859 19.786044 11.411791 1.115992
58.632435 19.786044 11.078683 1.294102
62.493011 19.786044 10.814811 1.404892
66.353587 19.786044 10.711538 1.609507
70.214163 19.786044 10.688972 1.277629
74.074739 19.786044 10.545591 1.283092
77.935315 19.786044 10.676031 1.207524
81.795891 19.786044 10.454146 1.245977
85.656467 19.786044 10.348376 1.077444
89.517043 19.786044 10.270588 1.075580
93.377618 19.786044 10.175569 0.940458
97.238194 19.786044 10.124755 1.045452
101.098770 19.786044 9.886805 0.661258
104.959346 19.786044 10.222983 0.743909
108.819922 19.786044 10.155740 0.901671
112.680498 19.786044 10.022756 0.573956
116.541074 19.786044 10.076021 0.848950
120.401650 19.786044 10.171620 0.754890
124.262226 19.786044 10.180383 0.761200
128.122802 19.786044 9.801653 0.631552
131.983378 19.786044 10.118873 0.573933
135.843953 19.786044 10.035009 0.709404
139.704529 19.786044 10.002994 0.554876
143.565105 19.786044 9.931149 0.346535
147.425681 19.786044 9.939248 0.497726
151.286257 19.786044 10.190047 0.438949
155.146833 19.786044 10.062558 0.509275
159.007409 19.786044 9.972036 0.426491
162.867985 19.786044 9.916010 0.410689
-30.160811 15.925468 10.349205 -1.082252
-26.300235 15.925468 10.355586 -1.728073
-22.439659 15.925468 10.647823 -1.276540
-18.579083 15.925468 10.497790 -1.225595
-14.718507 15.925468 10.812504 -1.153507
-10.857931 15.925468 11.206101 -0.984956
-6.997355 15.925468 11.116448 -1.202586
-3.136779 15.925468 11.559296 -0.929668
0.723796 15.925468 11.879691 -0.729328
4.584372 15.925468 11.688540 -0.608406
8.444948 15.925468 11.759799 -0.418179
12.305524 15.925468 12.112002 0.002300
16.166100 15.925468 12.214395 0.055830
20.026676 15.925468 12.065582 0.229068
23.887252 15.925468 11.902758 0.371511
27.747828 15.925468 11.643000 0.500221
31.608404 15.925468 12.028924 0.497625
35.468980 15.925468 11.705418 0.721673
39.329556 15.925468 11.556642 0.656490
43.190132 15.925468 11.475448 0.931357
47.050707 15.925468 11.392682 1.017141
50.911283 15.925468 11.367576 1.388995
54.771859 15.925468 11.130372 1.079434
58.632435 15.925468 10.888623 1.033726
62.493011 15.925468 11.035914 1.152240
66.353587 15.925468 10.773008 1.115961
70.214163 15.925468 10.641113 1.168544
74.074739 15.925468 10.624146 1.190320
77.935315 15.925468 10.427901 0.889117
81.795891 15.925468 10.514680 0.984519
85.656467 15.925468 10.519068 1.026624
89.517043 15.925468 10.287766 1.018436
93.377618 15.925468 10.172476 0.984183
97.238194 15.925468 10.322911 0.808829
101.098770 15.925468 10.509320 0.668873
104.959346 15.925468 10.050363 0.780245
108.819922 15.925468 10.135622 0.605750
112.680498 15.925468 10.104846 0.683810
116.541074 15.925468 10.022780 0.451614
120.401650 15.925468 9.988503 0.942546
124.262226 15.925468 10.339491 0.694424
128.122802 15.925468 9.910475 0.647539
131.983378 15.925468 10.054403 0.605605
135.843953 15.925468 10.145127 0.537834
139.704529 15.925468 10.036234 0.857385
143.565105 15.925468 10.083611 0.554557
147.425681 15.925468 9.942061 0.341627
151.286257 15.925468 10.053823 0.577837
155.146833 15.925468 10.073741 0.263989
159.007409 15.925468 9.890327 0.438544
162.867985 15.925468 10.419063 0.634001
-30.160811 12.064892 0.000000 0.000000
-26.300235 12.064892 10.923253 -1.072354
-22.439659 12.064892 10.654947 -1.177244
-18.579083 12.064892 10.972014 -0.878805
-14.718507 12.064892 10.819821 -1.035174
-10.857931 12.064892 10.858725 -1.018988
-6.997355 12.064892 11.537193 -1.048182
-3.136779 12.064892 11.602645 -0.738020
0.723796 12.064892 11.416702 -0.539902
4.584372 12.064892 11.887933 -0.774176
8.444948 12.064892 10.914098 -0.711949
12.305524 12.064892 11.742723 -0.129189
16.166100 12.064892 11.839051 -0.059596
20.026676 12.064892 11.724218 0.157477
23.887252 12.064892 11.538856 0.077164
27.747828 12.064892 11.787025 0.467197
31.608404 12.064892 11.794653 0.733926
35.468980 12.064892 11.603498 0.736210
39.329556 12.064892 11.453744 0.562035
43.190132 12.064892 11.307420 0.883238
47.050707 12.064892 11.419722 0.690641
50.911283 12.064892 11.349017 0.736389
54.771859 12.064892 10.950906 0.933009
58.632435 12.064892 11.099264 1.050375
62.493011 12.064892 11.013176 1.086202
66.353587 12.064892 11.012495 0.940452
70.214163 12.064892 10.692636 0.955883
74.074739 12.064892 10.615387 1.261469
77.935315 12.064892 10.447326 1.003247
81.795891 12.064892 10.487856 1.010712
85.656467 12.064892 10.495320 0.983372
89.517043 12.064892 10.606604 0.951813
93.377618 12.064892 10.317852 0.893148
97.238194 12.064892 10.040946 0.916212
101.098770 12.064892 10.223965 0.927311
104.959346 12.064892 10.124660 1.010580
108.819922 12.064892 10.127697 0.448624
112.680498 12.064892 10.192004 0.933983
116.541074 12.064892 10.069188 0.770367
120.401650 12.064892 9.990982 0.644185
124.262226 12.064892 10.063758 0.798216
128.122802 12.064892 10.159013 0.196184
131.983378 12.064892 10.184893 0.599572
135.843953 12.064892 10.078012 0.456842
139.704529 12.064892 10.046953 0.467274
143.565105 12.064892 9.968343 0.485593
147.425681 12.064892 10.006041 0.467450
151.286257 12.064892 9.994354 0.453042
155.146833 12.064892 9.974242 0.511114
159.007409 12.064892 9.918538 0.458477
162.867985 12.064892 10.081046 0.613901
-30.160811 8.204316 10.191318 -0.454935
-26.300235 8.204316 10.283360 -0.518947
-22.439659 8.204316 10.885077 -0.552249
-18.579083 8.204316 10.462786 -0.800705
-14.718507 8.204316 11.090943 -1.614936
-10.857931 8.204316 10.984020 -0.814812
-6.997355 8.204316 11.437833 -0.678947
-3.136779 8.204316 11.512188 -0.757487
0.723796 8.204316 11.431917 -0.591138
4.584372 8.204316 11.596910 -0.599411
8.444948 8.204316 11.710682 -0.394129
12.305524 8.204316 11.655984 -0.146970
16.166100 8.204316 11.502508 0.125199
20.026676 8.204316 11.787989 0.242982
23.887252 8.204316 11.827936 0.179085
27.747828 8.204316 11.607652 0.324361
31.608404 8.204316 11.431282 0.297640
35.468980 8.204316 11.520693 0.731177
39.329556 8.204316 11.706531 0.612601
43.190132 8.204316 11.321385 0.939501
47.050707 8.204316 11.343688 0.822787
50.911283 8.204316 11.372602 0.850696
54.771859 8.204316 11.034945 1.122524
58.632435 8.204316 11.027842 1.130257
62.493011 8.204316 10.827142 1.144487
66.353587 8.204316 11.022691 1.054378
70.214163 8.204316 10.604247 0.919865
74.074739 8.204316 10.614666 0.900495
77.935315 8.204316 10.460116 0.827454
81.795891 8.204316 10.497281 1.051672
85.656467 8.204316 10.303085 0.824584
89.517043 8.204316 10.290423 0.799974
93.377618 8.204316 10.341593 0.931022
97.238194 8.204316 10.377975 0.934624
101.098770 8.204316 10.438738 0.920623
104.959346 8.204316 10.100430 0.746427
108.819922 8.204316 10.273481 0.699690
112.680498 8.204316 10.193824 0.734455
116.541074 8.204316 9.991863 0.794165
120.401650 8.204316 10.128792 0.692761
124.262226 8.204316 9.935167 0.848805
128.122802 8.204316 10.156421 0.582502
131.983378 8.204316 9.940761 0.549714
135.843953 8.204316 10.334620 0.560595
139.704529 8.204316 10.010882 0.438766
143.565105 8.204316 10.029957 0.493844
147.425681 8.204316 10.157147 0.576589
151.286257 8.204316 10.035065 0.431694
155.146833 8.204316 10.221869 0.545349
159.007409 8.204316 9.966866 0.378082
162.867985 8.204316 9.829683 0.337913
-30.160811 4.343740 11.087842 -0.923732
-26.300235 4.343740 10.650330 -0.298760
-22.439659 4.343740 10.360962 -0.547242
-18.579083 4.343740 10.905925 -0.629009
-14.718507 4.343740 10.811740 -0.845809
-10.857931 4.343740 11.090358 -0.687886
-6.997355 4.343740 11.190789 -0.689418
-3.136779 4.343740 11.105419 -0.557252
0.723796 4.343740 11.287274 -0.528469
4.584372 4.343740 11.348674 -0.474923
8.444948 4.343740 11.523960 -0.235115
12.305524 4.343740 11.742468 -0.012194
16.166100 4.343740 11.320288 0.027186
20.026676 4.343740 11.527105 0.358842
23.887252 4.343740 11.669818 0.329712
27.747828 4.343740 11.562585 0.402523
31.608404 4.343740 11.516670 0.213405
35.468980 4.343740 11.392379 0.676633
39.329556 4.343740 11.243751 0.838088
43.190132 4.343740 11.272376 0.924618
47.050707 4.343740 11.344642 0.736868
50.911283 4.343740 11.080647 0.856286
54.771859 4.343740 10.824276 0.908304
58.632435 4.343740 10.994105 1.078406
62.493011 4.343740 10.900589 0.870243
66.353587 4.343740 10.460169 0.787032
70.214163 4.343740 10.626580 0.863056
74.074739 4.343740 10.525225 0.964204
77.935315 4.343740 10.595184 0.982329
81.795891 4.343740 10.692799 1.043818
85.656467 4.343740 10.371007 0.957540
89.517043 4.343740 10.423471 0.600807
93.377618 4.343740 10.320662 0.694427
97.238194 4.343740 10.566252 0.736557
101.098770 4.343740 10.584384 0.424079
104.959346 4.343740 10.350349 0.720869
108.819922 4.343740 10.196103 0.612352
112.680498 4.343740 10.211469 0.682271
116.541074 4.343740 10.102968 0.947483
120.401650 4.343740 10.301977 0.909223
124.262226 4.343740 10.180395 0.576771
128.122802 4.343740 10.167039 0.549813
131.983378 4.343740 10.285336 0.613704
135.843953 4.343740 10.318011 0.570282
139.704529 4.343740 10.163383 0.605490
143.565105 4.343740 10.138929 0.666326
147.425681 4.343740 9.939564 0.649519
151.286257 4.343740 10.228852 0.621914
155.146833 4.343740 10.263406 0.672479
159.007409 4.343740 9.778571 0.407935
162.867985 4.343740 9.998935 0.457436
-30.160811 0.483164 0.000000 0.000000
-26.300235 0.483164 10.508547 -1.000099
-22.439659 0.483164 10.427119 -0.804333
-18.579083 0.483164 10.416678 -0.873449
-14.718507 0.483164 10.877673 -0.783805
-10.857931 0.483164 10.925459 -0.631713
-6.997355 0.483164 11.125613 -0.368418
-3.136779 0.483164 11.105345 -0.506785
0.723796 0.483164 11.178342 -0.447962
4.584372 0.483164 11.346302 -0.184361
8.444948 0.483164 11.443425 -0.189580
12.305524 0.483164 11.371739 -0.096693
16.166100 0.483164 11.475595 -0.041515
20.026676 0.483164 11.450578 0.165923
23.887252 0.483164 11.411677 0.353223
27.747828 0.483164 11.386767 0.222965
31.608404 0.483164 11.466842 0.312000
35.468980 0.483164 11.196689 0.578173
39.329556 0.483164 11.470532 0.720329
43.190132 0.483164 11.167490 0.678790
47.050707 0.483164 11.297239 0.681811
50.911283 0.483164 11.092155 0.692661
54.771859 0.483164 11.036386 0.783709
58.632435 0.483164 10.836101 0.779275
62.493011 0.483164 11.032462 1.050474
66.353587 0.483164 10.647762 0.979079
70.214163 0.483164 10.946399 0.716611
74.074739 0.483164 10.924039 0.798997
77.935315 0.483164 10.509461 0.756777
81.795891 0.483164 10.488147 1.167843
85.656467 0.483164 10.695882 0.938370
89.517043 0.483164 10.593647 0.568802
93.377618 0.483164 10.344053 0.897528
97.238194 0.483164 10.384954 0.712394
101.098770 0.483164 10.326224 0.949753
104.959346 0.483164 10.239281 0.682201
108.819922 0.483164 10.192866 0.602901
112.680498 0.483164 10.336528 0.833533
116.541074 0.483164 10.025891 0.732901
120.401650 0.483164 10.271539 0.767623
124.262226 0.483164 10.018607 0.826400
128.122802 0.483164 10.189320 0.705578
131.983378 0.483164 10.217105 0.533124
135.843953 0.483164 10.140341 0.616341
139.704529 0.483164 10.048957 0.568681
143.565105 0.483164 10.059723 0.473195
147.425681 0.483164 10.044054 0.630899
151.286257 0.483164 10.084608 0.491530
155.146833 0.483164 9.992903 0.339891
159.007409 0.483164 10.110482 0.394508
162.867985 0.483164 9.928273 0.239844
-30.160811 -3.377411 0.000000 0.000000
-26.300235 -3.377411 10.951329 -1.310237
-22.439659 -3.377411 10.678970 -0.609888
-18.579083 -3.377411 10.805322 -0.524021
-14.718507 -3.377411 10.862011 -0.396578
-10.857931 -3.377411 10.725102 -0.447916
-6.997355 -3.377411 11.047662 -0.299662
-3.136779 -3.377411 10.950376 -0.391875
0.723796 -3.377411 11.239305 -0.107471
4.584372 -3.377411 11.089189 -0.253665
8.444948 -3.377411 11.308438 -0.150971
12.305524 -3.377411 11.335259 0.044412
16.166100 -3.377411 11.468615 0.242354
20.026676 -3.377411 11.444468 0.218721
23.887252 -3.377411 11.335569 0.075159
27.747828 -3.377411 11.433807 0.366172
31.608404 -3.377411 11.176820 0.294107
35.468980 -3.377411 11.381815 0.424179
39.329556 -3.377411 11.097227 0.545374
43.190132 -3.377411 10.985278 0.658303
47.050707 -3.377411 11.396158 0.530510
50.911283 -3.377411 11.019732 0.546093
54.771859 -3.377411 10.981709 0.726269
58.632435 -3.377411 10.607760 0.757946
62.493011 -3.377411 10.671745 0.798103
66.353587 -3.377411 10.570943 0.761896
70.214163 -3.377411 10.914337 0.668756
74.074739 -3.377411 10.507145 0.760787
77.935315 -3.377411 10.511274 0.692210
81.795891 -3.377411 10.547898 0.660704
85.656467 -3.377411 10.389268 0.851500
89.517043 -3.377411 10.460166 0.766113
93.377618 -3.377411 10.443331 0.606751
97.238194 -3.377411 10.605824 0.626544
101.098770 -3.377411 10.242888 0.695283
104.959346 -3.377411 10.312363 0.664033
108.819922 -3.377411 10.097347 0.658897
112.680498 -3.377411 10.275723 0.681220
116.541074 -3.377411 10.184905 0.702610
120.401650 -3.377411 10.240858 0.635280
124.262226 -3.377411 10.363208 0.670062
128.122802 -3.377411 10.299050 0.464192
131.983378 -3.377411 10.272290 0.606673
135.843953 -3.377411 10.365625 0.597932
139.704529 -3.377411 10.069986 0.511887
143.565105 -3.377411 10.184399 0.563569
147.425681 -3.377411 10.289456 0.451310
151.286257 -3.377411 10.138536 0.390577
155.146833 -3.377411 10.135981 0.383972
159.007409 -3.377411 10.195518 0.521492
162.867985 -3.377411 10.308276 0.702720
-30.160811 -7.237987 0.000000 0.000000
-26.300235 -7.237987 0.000000 0.000000
-22.439659 -7.237987 10.999118 -0.562509
-18.579083 -7.237987 10.668665 -0.807694
-14.718507 -7.237987 10.787208 -0.478333
-10.857931 -7.237987 10.739670 -0.297370
-6.997355 -7.237987 11.045204 -0.552708
-3.136779 -7.237987 10.922452 -0.269217
0.723796 -7.237987 10.869435 -0.213196
4.584372 -7.237987 11.083758 -0.228563
8.444948 -7.237987 11.046447 -0.297175
12.305524 -7.237987 11.050389 -0.142523
16.166100 -7.237987 11.342151 0.043148
20.026676 -7.237987 11.264742 0.314359
23.887252 -7.237987 11.259152 0.289462
27.747828 -7.237987 10.990088 0.210177
31.608404 -7.237987 11.233834 0.311551
35.468980 -7.237987 11.104431 0.534818
39.329556 -7.237987 11.180094 0.505599
43.190132 -7.237987 10.961679 0.773780
47.050707 -7.237987 11.079333 0.593933
50.911283 -7.237987 10.952161 0.607481
54.771859 -7.237987 10.851515 0.753068
58.632435 -7.237987 10.808470 0.713514
62.493011 -7.237987 10.639255 0.717298
66.353587 -7.237987 10.798750 0.762807
70.214163 -7.237987 10.816259 0.639565
74.074739 -7.237987 10.456877 0.764848
77.935315 -7.237987 10.672282 0.832182
81.795891 -7.237987 10.677913 0.680578
85.656467 -7.237987 10.477415 0.722505
89.517043 -7.237987 10.372560 0.607702
93.377618 -7.237987 10.299453 0.601822
97.238194 -7.237987 10.249270 0.543568
101.098770 -7.237987 10.254670 0.720825
104.959346 -7.237987 10.630292 0.548937
108.819922 -7.237987 10.475160 0.703309
112.680498 -7.237987 10.326267 0.617531
116.541074 -7.237987 10.292930 0.635662
120.401650 -7.237987 10.279952 0.677374
124.262226 -7.237987 10.307742 0.593204
128.122802 -7.237987 10.539663 0.912551
131.983378 -7.237987 10.189004 0.648571
135.843953 -7.237987 10.285100 0.462912
139.704529 -7.237987 10.259592 0.563002
143.565105 -7.237987 10.177044 0.553383
147.425681 -7.237987 10.416461 0.477224
151.286257 -7.237987 9.997122 0.447507
155.146833 -7.237987 10.120770 0.420942
159.007409 -7.237987 10.190443 0.371934
162.867985 -7.237987 10.300532 0.396921
-30.160811 -11.098563 10.296633 -0.905612
-26.300235 -11.098563 11.394471 -0.295511
-22.439659 -11.098563 10.659034 -0.548289
-18.579083 -11.098563 10.395907 -0.546817
-14.718507 -11.098563 10.905219 -0.108829
-10.857931 -11.098563 10.885224 -0.537885
-6.997355 -11.098563 10.929724 -0.407981
-3.136779 -11.098563 10.936023 -0.052116
0.723796 -11.098563 10.947681 -0.169212
4.584372 -11.098563 11.046404 -0.270220
8.444948 -11.098563 10.778297 0.040102
12.305524 -11.098563 11.125104 -0.167992
16.166100 -11.098563 11.163486 0.024959
20.026676 -11.098563 11.157997 0.244160
23.887252 -11.098563 11.030843 0.111684
27.747828 -11.098563 11.170175 0.307051
31.608404 -11.098563 11.191111 0.459291
35.468980 -11.098563 11.150609 0.505430
39.329556 -11.098563 10.959884 0.436240
43.190132 -11.098563 10.813811 0.697339
47.050707 -11.098563 10.894579 0.616430
50.911283 -11.098563 11.025059 0.692845
54.771859 -11.098563 11.026939 0.646086
58.632435 -11.098563 10.533607 0.802720
62.493011 -11.098563 10.910662 0.821051
66.353587 -11.098563 10.660427 0.710746
70.214163 -11.098563 10.708980 0.750543
74.074739 -11.098563 10.491473 0.811796
77.935315 -11.098563 10.513346 0.631686
81.795891 -11.098563 10.465919 0.834213
85.656467 -11.098563 10.398037 0.623798
89.517043 -11.098563 10.446881 0.695323
93.377618 -11.098563 10.422975 0.563974
97.238194 -11.098563 10.282685 0.568147
101.098770 -11.098563 10.394054 0.799548
104.959346 -11.098563 10.212276 0.924598
108.819922 -11.098563 10.349500 0.320646
112.680498 -11.098563 10.019396 0.607431
116.541074 -11.098563 10.389207 0.759658
120.401650 -11.098563 10.067572 0.655114
124.262226 -11.098563 10.283550 0.590346
128.122802 -11.098563 10.180469 0.636385
131.983378 -11.098563 10.208112 0.754519
135.843953 -11.098563 10.097062 0.572154
139.704529 -11.098563 10.383681 0.370260
143.565105 -11.098563 10.261242 0.676610
147.425681 -11.098563 10.069636 0.490636
151.286257 -11.098563 10.199944 0.395880
155.146833 -11.098563 10.317137 0.585388
159.007409 -11.098563 9.965358 0.497367
162.867985 -11.098563 10.135643 0.597924
-30.160811 -14.959139 0.000000 0.000000
-26.300235 -14.959139 10.456531 -0.364066
-22.439659 -14.959139 10.287051 -0.482393
-18.579083 -14.959139 10.938226 -0.042679
-14.718507 -14.959139 10.885323 -0.211914
-10.857931 -14.959139 11.069169 -0.315699
-6.997355 -14.959139 10.581883 -0.532954
-3.136779 -14.959139 10.931690 -0.292248
0.723796 -14.959139 10.901958 -0.291344
4.584372 -14.959139 10.967437 -0.103818
8.444948 -14.959139 11.084691 -0.119279
12.305524 -14.959139 10.852551 0.021012
16.166100 -14.959139 11.145427 -0.014544
20.026676 -14.959139 11.155988 0.096088
23.887252 -14.959139 10.974739 0.211409
27.747828 -14.959139 11.033364 0.276499
31.608404 -14.959139 11.181688 0.373652
35.468980 -14.959139 10.940619 0.330307
39.329556 -14.959139 11.222921 0.424279
43.190132 -14.959139 10.970736 0.434539
47.050707 -14.959139 10.892839 0.497063
50.911283 -14.959139 10.908471 0.593368
54.771859 -14.959139 10.827961 0.510453
58.632435 -14.959139 10.766359 0.574529
62.493011 -14.959139 10.823325 0.726578
66.353587 -14.959139 10.615439 0.692129
70.214163 -14.959139 10.826608 0.603131
74.074739 -14.959139 10.648173 0.649243
77.935315 -14.959139 10.585694 0.726340
81.795891 -14.959139 10.631983 0.698455
85.656467 -14.959139 10.441634 0.833128
89.517043 -14.959139 10.647090 0.649091
93.377618 -14.959139 10.391060 0.762671
97.238194 -14.959139 10.308276 0.679258
101.098770 -14.959139 10.316247 0.703311
104.959346 -14.959139 10.608494 0.401486
108.819922 -14.959139 10.404379 0.642901
112.680498 -14.959139 10.483186 0.653118
116.541074 -14.959139 10.399771 0.684614
120.401650 -14.959139 10.355265 0.554147
124.262226 -14.959139 10.201313 0.369091
128.122802 -14.959139 10.158031 0.632342
131.983378 -14.959139 10.195324 0.699566
135.843953 -14.959139 10.034868 0.432853
139.704529 -14.959139 10.164444 0.656912
143.565105 -14.959139 10.258824 0.696205
147.425681 -14.959139 10.360136 0.669155
151.286257 -14.959139 9.735811 0.547155
155.146833 -14.959139 10.242552 0.359804
159.007409 -14.959139 10.100642 0.567527
162.867985 -14.959139 10.071646 0.468004
-30.160811 -18.819715 0.000000 0.000000
-26.300235 -18.819715 0.000000 0.000000
-22.439659 -18.819715 10.604799 -0.298800
-18.579083 -18.819715 10.392471 -0.537539
-14.718507 -18.819715 10.655043 -0.322421
-10.857931 -18.819715 10.850739 -0.351832
-6.997355 -18.819715 10.825663 -0.307692
-3.136779 -18.819715 10.608398 -0.170091
0.723796 -18.819715 10.817895 -0.340644
4.584372 -18.819715 10.793736 -0.055942
8.444948 -18.819715 10.871252 0.010550
12.305524 -18.819715 10.975684 0.046718
16.166100 -18.819715 11.023110 -0.251400
20.026676 -18.819715 10.961881 0.282115
23.887252 -18.819715 11.125089 0.381135
27.747828 -18.819715 10.911972 0.331380
31.608404 -18.819715 11.000484 0.292811
35.468980 -18.819715 10.853257 0.389976
39.329556 -18.819715 10.743806 0.463093
43.190132 -18.819715 10.603615 0.177950
47.050707 -18.819715 10.753498 0.436215
50.911283 -18.819715 10.702767 0.525109
54.771859 -18.819715 10.736173 0.814393
58.632435 -18.819715 10.589039 0.528387
62.493011 -18.819715 10.795117 0.622546
66.353587 -18.819715 10.781746 0.623402
70.214163 -18.819715 10.752872 0.575291
74.074739 -18.819715 10.589937 0.700138
77.935315 -18.819715 10.643372 0.650028
81.795891 -18.819715 10.378469 0.546129
85.656467 -18.819715 10.411607 0.625703
89.517043 -18.819715 10.428843 0.518240
93.377618 -18.819715 10.484769 0.573278
97.238194 -18.819715 10.230083 0.564174
101.098770 -18.819715 10.327602 0.557119
104.959346 -18.819715 10.102480 0.633347
108.819922 -18.819715 10.371756 0.573487
112.680498 -18.819715 10.332530 0.615175
116.541074 -18.819715 10.270867 0.594276
120.401650 -18.819715 10.244781 0.534948
124.262226 -18.819715 10.265955 0.521996
128.122802 -18.819715 10.117869 0.364414
131.983378 -18.819715 10.234706 0.497568
135.843953 -18.819715 10.209122 0.655592
139.704529 -18.819715 10.452659 0.435155
143.565105 -18.819715 10.078941 0.446392
147.425681 -18.819715 10.052670 0.222098
151.286257 -18.819715 10.177630 0.535936
155.146833 -18.819715 10.161962 0.586671
159.007409 -18.819715 10.090984 0.371125
162.867985 -18.819715 10.139549 0.461515
-30.160811 -22.680291 0.000000 0.000000
-26.300235 -22.680291 10.285183 -0.070125
-22.439659 -22.680291 10.748801 -0.463440
-18.579083 -22.680291 10.712094 -0.457539
-14.718507 -22.680291 10.651281 -0.140719
-10.857931 -22.680291 10.773245 0.047643
-6.997355 -22.680291 10.904216 -0.182684
-3.136779 -22.680291 10.530941 -0.197205
0.723796 -22.680291 10.902160 0.103392
4.584372 -22.680291 11.077929 -0.052748
8.444948 -22.680291 10.952244 -0.052350
12.305524 -22.680291 10.977537 -0.018103
16.166100 -22.680291 11.092803 -0.046982
20.026676 -22.680291 10.708164 0.169436
23.887252 -22.680291 10.809076 -0.062658
27.747828 -22.680291 10.997136 0.393589
31.608404 -22.680291 10.901368 0.409727
35.468980 -22.680291 10.947853 0.216129
39.329556 -22.680291 10.946132 0.347193
43.190132 -22.680291 10.860578 0.287598
47.050707 -22.680291 10.808681 0.402365
50.911283 -22.680291 10.746377 0.625852
54.771859 -22.680291 10.800235 0.677419
58.632435 -22.680291 10.824301 0.565214
62.493011 -22.680291 10.810648 0.673802
66.353587 -22.680291 10.912812 0.901875
70.214163 -22.680291 10.508243 0.497145
74.074739 -22.680291 10.631777 0.451791
77.935315 -22.680291 10.533650 0.599349
81.795891 -22.680291 10.596988 0.591894
85.656467 -22.680291 10.503629 0.692743
89.517043 -22.680291 10.645783 0.786151
93.377618 -22.680291 10.413774 0.529773
97.238194 -22.680291 10.685380 0.829065
101.098770 -22.680291 10.397589 0.516492
104.959346 -22.680291 10.427825 0.537291
108.819922 -22.680291 10.473791 0.372011
112.680498 -22.680291 10.411331 0.557913
116.541074 -22.680291 10.460936 0.579284
120.401650 -22.680291 10.408895 0.665697
124.262226 -22.680291 10.316904 0.522917
128.122802 -22.680291 10.214377 0.623641
131.983378 -22.680291 10.126350 0.496976
135.843953 -22.680291 10.232656 0.611602
139.704529 -22.680291 10.135880 0.454401
143.565105 -22.680291 10.300631 0.476265
147.425681 -22.680291 10.183254 0.628027
151.286257 -22.680291 10.226493 0.365431
155.146833 -22.680291 10.341799 0.622135
159.007409 -22.680291 10.221645 0.476196
162.867985 -22.680291 10.229638 0.732249
-30.160811 -26.540867 10.665149 -0.411901
-26.300235 -26.540867 10.396033 -0.397324
-22.439659 -26.540867 10.871046 -0.139691
-18.579083 -26.540867 10.469687 -0.386896
-14.718507 -26.540867 10.527149 -0.337280
-10.857931 -26.540867 10.428758 0.104085
-6.997355 -26.540867 11.035444 -0.330034
-3.136779 -26.540867 10.680354 -0.095774
0.723796 -26.540867 10.534012 -0.170685
4.584372 -26.540867 10.977825 0.052707
8.444948 -26.540867 11.005202 -0.091683
12.305524 -26.540867 10.853834 0.133725
16.166100 -26.540867 10.841077 0.045689
20.026676 -26.540867 10.873032 0.224533
23.887252 -26.540867 10.852469 0.173886
27.747828 -26.540867 10.875489 0.298361
31.608404 -26.540867 10.877355 0.420766
35.468980 -26.540867 10.850444 0.381591
39.329556 -26.540867 10.853721 0.178301
43.190132 -26.540867 10.755842 0.403706
47.050707 -26.540867 10.737292 0.503669
50.911283 -26.540867 10.576275 0.561129
54.771859 -26.540867 10.591358 0.346436
58.632435 -26.540867 10.685963 0.425291
62.493011 -26.540867 10.726241 0.526928
66.353587 -26.540867 10.422771 0.614854
70.214163 -26.540867 10.645826 0.609918
74.074739 -26.540867 10.594540 0.553897
77.935315 -26.540867 10.635406 0.464858
81.795891 -26.540867 10.644098 0.555552
85.656467 -26.540867 10.471696 0.541819
89.517043 -26.540867 10.429141 0.701663
93.377618 -26.540867 10.440211 0.528054
97.238194 -26.540867 10.367586 0.539325
101.098770 -26.540867 10.414298 0.623135
104.959346 -26.540867 10.264906 0.603321
108.819922 -26.540867 10.279713 0.474373
112.680498 -26.540867 10.293605 0.666633
116.541074 -26.540867 10.383046 0.596332
120.401650 -26.540867 10.000831 0.544094
124.262226 -26.540867 10.418403 0.480394
128.122802 -26.540867 10.308488 0.414559
131.983378 -26.540867 10.363505 0.420342
135.843953 -26.540867 10.207756 0.561830
139.704529 -26.540867 10.197534 0.464345
143.565105 -26.540867 10.132275 0.419080
147.425681 -26.540867 10.180088 0.209051
151.286257 -26.540867 10.137990 0.588060
155.146833 -26.540867 9.782465 0.478428
159.007409 -26.540867 10.163413 0.340378
162.867985 -26.540867 10.237489 0.468579
-30.160811 -30.401443 0.000000 0.000000
-26.300235 -30.401443 0.000000 0.000000
-22.439659 -30.401443 11.032779 0.442548
-18.579083 -30.401443 10.581356 -0.009330
-14.718507 -30.401443 11.054044 -0.011906
-10.857931 -30.401443 10.740547 -0.268585
-6.997355 -30.401443 10.598841 -0.372633
-3.136779 -30.401443 10.926926 -0.079990
0.723796 -30.401443 10.696207 -0.372095
4.584372 -30.401443 10.660522 -0.085375
8.444948 -30.401443 10.787017 -0.176922
12.305524 -30.401443 10.584878 0.232970
16.166100 -30.401443 10.848112 0.175713
20.026676 -30.401443 10.875072 0.068552
23.887252 -30.401443 11.111644 0.294371
27.747828 -30.401443 10.945662 0.185562
31.608404 -30.401443 10.747337 0.325121
35.468980 -30.401443 10.952367 0.305069
39.329556 -30.401443 10.903049 0.398498
43.190132 -30.401443 10.908854 0.134469
47.050707 -30.401443 10.421041 0.484630
50.911283 -30.401443 10.787692 0.436941
54.771859 -30.401443 10.583933 0.665332
58.632435 -30.401443 10.729680 0.491731
62.493011 -30.401443 10.785167 0.441152
66.353587 -30.401443 10.622935 0.573376
70.214163 -30.401443 10.723100 0.472144
74.074739 -30.401443 10.497090 0.482458
77.935315 -30.401443 10.477007 0.468634
81.795891 -30.401443 10.402922 0.403356
85.656467 -30.401443 10.637984 0.539893
89.517043 -30.401443 10.511415 0.678795
93.377618 -30.401443 10.433167 0.658461
97.238194 -30.401443 10.243653 0.575659
101.098770 -30.401443 10.433973 0.669153
104.959346 -30.401443 10.489669 0.234115
108.819922 -30.401443 10.439597 0.587430
112.680498 -30.401443 10.261344 0.387910
116.541074 -30.401443 10.255695 0.538971
120.401650 -30.401443 10.187108 0.557341
124.262226 -30.401443 10.081034 0.387920
128.122802 -30.401443 10.379260 1.012585
131.983378 -30.401443 10.222185 0.451129
135.843953 -30.401443 10.157248 0.577890
139.704529 -30.401443 10.266240 0.481740
143.565105 -30.401443 10.029279 0.302294
147.425681 -30.401443 10.009882 0.312925
151.286257 -30.401443 10.106180 0.192217
155.146833 -30.401443 10.011425 0.490852
159.007409 -30.401443 10.070287 0.281698
162.867985 -30.401443 10.064442 0.395722
-30.160811 -34.262019 0.000000 0.000000
-26.300235 -34.262019 0.000000 0.000000
-22.439659 -34.262019 0.000000 0.000000
-18.579083 -34.262019 10.643467 -0.048017
-14.718507 -34.262019 11.318824 0.139766
-10.857931 -34.262019 10.481781 -0.209191
-6.997355 -34.262019 10.840709 -0.174712
-3.136779 -34.262019 10.593208 -0.284427
0.723796 -34.262019 11.040982 -0.167699
4.584372 -34.262019 10.780644 0.061009
8.444948 -34.262019 10.725643 -0.132631
12.305524 -34.262019 10.707698 0.209234
16.166100 -34.262019 10.812522 0.197336
20.026676 -34.262019 10.642396 0.404218
23.887252 -34.262019 10.823040 0.222916
27.747828 -34.262019 10.789376 0.302480
31.608404 -34.262019 10.919489 0.245011
35.468980 -34.262019 10.804364 0.276465
39.329556 -34.262019 10.751857 0.362644
43.190132 -34.262019 10.495860 0.422341
47.050707 -34.262019 10.700534 0.494936
50.911283 -34.262019 10.683665 0.464965
54.771859 -34.262019 10.688148 0.568521
58.632435 -34.262019 10.646835 0.470764
62.493011 -34.262019 10.725793 0.562012
66.353587 -34.262019 10.579383 0.589211
70.214163 -34.262019 10.461194 0.552466
74.074739 -34.262019 10.726251 0.270188
77.935315 -34.262019 10.643006 0.493655
81.795891 -34.262019 10.498453 0.511450
85.656467 -34.262019 10.459230 0.650519
89.517043 -34.262019 10.622515 0.633844
93.377618 -34.262019 10.537817 0.614181
97.238194 -34.262019 10.209026 0.442088
101.098770 -34.262019 10.413994 0.430694
104.959346 -34.262019 10.377803 0.396253
108.819922 -34.262019 10.264132 0.547094
112.680498 -34.262019 10.277485 0.614337
116.541074 -34.262019 10.435422 0.491323
120.401650 -34.262019 10.185380 0.458766
124.262226 -34.262019 10.173154 0.523063
128.122802 -34.262019 10.096393 0.687300
131.983378 -34.262019 10.184709 0.553645
135.843953 -34.262019 10.087720 0.818311
139.704529 -34.262019 10.366674 0.409847
143.565105 -34.262019 10.295209 0.073750
147.425681 -34.262019 10.113661 0.598990
151.286257 -34.262019 10.179478 0.385510
155.146833 -34.262019 10.170693 0.517782
159.007409 -34.262019 10.228153 0.371107
162.867985 -34.262019 10.148993 0.023496
-30.160811 -38.122595 0.000000 0.000000
-26.300235 -38.122595 0.000000 0.000000
-22.439659 -38.122595 0.000000 0.000000
-18.579083 -38.122595 10.704059 -0.226575
-14.718507 -38.122595 0.000000 0.000000
-10.857931 -38.122595 0.000000 0.000000
-6.997355 -38.122595 10.461348 -0.325662
-3.136779 -38.122595 10.679002 -0.172538
0.723796 -38.122595 10.804987 -0.318356
4.584372 -38.122595 10.574649 -0.019079
8.444948 -38.122595 10.555022 -0.067504
12.305524 -38.122595 10.838911 0.006242
16.166100 -38.122595 10.674608 0.008049
20.026676 -38.122595 10.871344 -0.012295
23.887252 -38.122595 10.610107 -0.020395
27.747828 -38.122595 10.765335 -0.058995
31.608404 -38.122595 10.786109 0.351915
35.468980 -38.122595 10.811826 0.440876
39.329556 -38.122595 10.707756 0.335982
43.190132 -38.122595 10.657402 0.407295
47.050707 -38.122595 10.692369 0.424744
50.911283 -38.122595 10.946531 0.285001
54.771859 -38.122595 10.525612 0.521664
58.632435 -38.122595 10.547689 0.510344
62.493011 -38.122595 10.571056 0.512895
66.353587 -38.122595 10.693726 0.570339
70.214163 -38.122595 10.558321 0.488536
74.074739 -38.122595 10.577776 0.588993
77.935315 -38.122595 10.458052 0.259321
81.795891 -38.122595 10.364849 0.330246
85.656467 -38.122595 10.378376 0.371478
89.517043 -38.122595 10.454272 0.376122
93.377618 -38.122595 10.417532 0.485475
97.238194 -38.122595 10.453625 0.619154
101.098770 -38.122595 10.475074 0.580688
104.959346 -38.122595 10.491734 0.480942
108.819922 -38.122595 10.392650 0.609974
112.680498 -38.122595 10.372688 0.449497
116.541074 -38.122595 10.378567 0.273014
120.401650 -38.122595 10.368258 0.274304
124.262226 -38.122595 10.177922 0.523520
128.122802 -38.122595 10.320138 0.311238
131.983378 -38.122595 10.296762 0.437443
135.843953 -38.122595 10.049932 0.430260
139.704529 -38.122595 10.250556 0.619504
143.565105 -38.122595 9.759144 0.395449
147.425681 -38.122595 10.145925 -0.004309
151.286257 -38.122595 10.441840 0.367867
155.146833 -38.122595 10.307252 0.429901
159.007409 -38.122595 10.024833 0.512801
162.867985 -38.122595 10.175642 0.401512
-30.160811 -41.983171 0.000000 0.000000
-26.300235 -41.983171 0.000000 0.000000
-22.439659 -41.983171 0.000000 0.000000
-18.579083 -41.983171 0.000000 0.000000
-14.718507 -41.983171 0.000000 0.000000
-10.857931 -41.983171 0.000000 0.000000
-6.997355 -41.983171 0.000000 0.000000
-3.136779 -41.983171 0.000000 0.000000
0.723796 -41.983171 0.000000 0.000000
4.584372 -41.983171 0.000000 0.000000
8.444948 -41.983171 0.000000 0.000000
12.305524 -41.983171 0.000000 0.000000
16.166100 -41.983171 0.000000 0.000000
20.026676 -41.983171 0.000000 0.000000
23.887252 -41.983171 0.000000 0.000000
27.747828 -41.983171 0.000000 0.000000
31.608404 -41.983171 0.000000 0.000000
35.468980 -41.983171 0.000000 0.000000
39.329556 -41.983171 0.000000 0.000000
43.190132 -41.983171 0.000000 0.000000
47.050707 -41.983171 0.000000 0.000000
50.911283 -41.983171 0.000000 0.000000
54.771859 -41.983171 0.000000 0.000000
58.632435 -41.983171 0.000000 0.000000
62.493011 -41.983171 0.000000 0.000000
66.353587 -41.983171 0.000000 0.000000
70.214163 -41.983171 0.000000 0.000000
74.074739 -41.983171 0.000000 0.000000
77.935315 -41.983171 0.000000 0.000000
81.795891 -41.983171 0.000000 0.000000
85.656467 -41.983171 0.000000 0.000000
89.517043 -41.983171 0.000000 0.000000
93.377618 -41.983171 0.000000 0.000000
97.238194 -41.983171 0.000000 0.000000
101.098770 -41.983171 0.000000 0.000000
104.959346 -41.983171 0.000000 0.000000
108.819922 -41.983171 0.000000 0.000000
112.680498 -41.983171 0.000000 0.000000
116.541074 -41.983171 0.000000 0.000000
120.401650 -41.983171 0.000000 0.000000
124.262226 -41.983171 0.000000 0.000000
128.122802 -41.983171 0.000000 0.000000
131.983378 -41.983171 0.000000 0.000000
135.843953 -41.983171 0.000000 0.000000
139.704529 -41.983171 0.000000 0.000000
143.565105 -41.983171 0.000000 0.000000
147.425681 -41.983171 0.000000 0.000000
151.286257 -41.983171 0.000000 0.000000
155.146833 -41.983171 0.000000 0.000000
159.007409 -41.983171 0.000000 0.000000
162.867985 -41.983171 0.000000 0.000000
